################################################################################
# Symmetry function scaling data.
################################################################################
# Col  Name     Description
################################################################################
# 1    e_index  Element index.
# 2    sf_index Symmetry function index.
# 3    sf_min   Symmetry function minimum.
# 4    sf_max   Symmetry function maximum.
# 5    sf_mean  Symmetry function mean.
# 6    sf_sigma Symmetry function sigma.
#########################################################################################################################
#        1          2                        3                        4                        5                        6
#  e_index   sf_index                   sf_min                   sf_max                  sf_mean                 sf_sigma
#########################################################################################################################
         1          1   9.2892989209112964E-01   2.9443062030289253E+00   1.9848767666451297E+00   1.7308789973793445E-01
         1          2   6.6795344745516028E-01   1.6832333282646981E+00   1.1850007589688984E+00   8.6258878326374397E-02
         1          3   6.4871122139336124E-01   2.2023065865485818E+00   1.4415678145094528E+00   1.3526860378049846E-01
         1          4   5.2711520240930376E-01   1.3061418576486636E+00   9.1529683281898411E-01   6.6901970533469649E-02
         1          5   3.5188770643690370E-01   1.2763988276706859E+00   8.0476076312026057E-01   8.5729934289362028E-02
         1          6   3.5458827324440678E-01   8.3074102531985905E-01   6.0128671586121862E-01   4.3090616656564405E-02
         1          7   1.8041221505351959E-01   7.1607087992200347E-01   4.1598217324026493E-01   5.1826793067949468E-02
         1          8   2.4920906063433212E-01   5.3734423939983700E-01   4.0870486765003416E-01   3.0171382662446612E-02
         1          9   2.1993803434231923E-01   4.7751303536424483E-01   3.6233333089460218E-01   2.9890363969132000E-02
         1         10   2.0818915714279310E-01   9.1096002684954758E-01   5.0043798260994499E-01   7.1054508854843754E-02
         1         11   1.4638429781052054E-01   3.7675958363832746E-01   2.7215506919748167E-01   2.4188772522943651E-02
         1         12   9.5208239066273584E-02   6.1068169194714506E-01   2.8546910443628626E-01   4.9947443829289950E-02
         1         13   6.8454060779336023E-02   3.1594547669123557E-01   1.8981415488580056E-01   3.0276525966168165E-02
         1         14   1.8246068727278821E-02   5.0187614456047858E-01   1.5148149189555582E-01   4.1968402292563073E-02
         1         15   4.6415171466893529E-03   2.6178069964541778E-01   8.2926654035154174E-02   3.1566784755439461E-02
         1         16   2.9660001777860021E-04   3.8258114448336772E-01   5.4023400728842375E-02   3.6694766081237090E-02
         1         17   4.5624439284406811E-04   3.6635452317340236E-02   1.2009583065858854E-02   3.6793899797575957E-03
         1         18   1.9133042060002879E-04   3.5914465726536823E-02   1.7090388312143080E-02   5.0346526875815287E-03
         1         19   1.6722606561131982E-02   1.9851582759563607E-01   8.3620663774532922E-02   1.5797478958122356E-02
         1         20   2.8436042244862842E-03   3.7851299104590355E-02   1.6902067211990394E-02   3.0235549502384343E-03
         1         21   2.1448947463324774E-04   4.2272126948526910E-02   1.5576494584482695E-02   4.8784133620000834E-03
         1         22   4.7518404595139042E-02   2.1341407733484993E-01   1.2411057421676845E-01   1.5869945703192886E-02
         1         23   4.0341939151967337E-04   2.1790364369495593E-02   5.6773542933561839E-03   1.8841193297821377E-03
         1         24   2.9492783395596292E-03   4.1683873969806017E-02   1.4838571172434766E-02   3.7226490448151205E-03
         1         25   6.9021000461463010E-05   1.5490510324502476E-02   5.5698998235591945E-03   1.9522418989064876E-03
         1         26   1.3521500547573500E-03   4.4779509396561501E-02   1.5132658881244496E-02   3.9809596445502908E-03
         1         27   2.9487405933768959E-02   1.3301847667152034E-01   7.3391624617954468E-02   1.0260718538441679E-02
         1         28   2.6859906037049393E-04   9.1472800659479266E-03   3.1671552175153326E-03   8.1505184924422574E-04
         1         29   4.9142756469880628E-04   1.2561682077905206E-02   3.3922968480595787E-03   9.7758033478784288E-04
         1         30   8.4868891500340764E-03   4.5240419398412723E-02   2.4125977554542061E-02   3.9440901013372163E-03
         1         31   1.8884185716264867E-04   1.0614995536913738E-02   2.2762563202584265E-03   9.0514093571721782E-04
         2          1   1.4069111897303150E+00   3.3090951491733538E+00   2.3700015179377965E+00   1.7013541886602013E-01
         2          2   3.6126550641725919E-01   1.3136498317524801E+00   8.2256564348672934E-01   8.3693449979609411E-02
         2          3   1.1028156061504433E+00   2.5822532310031039E+00   1.8305936656379678E+00   1.3020215549625780E-01
         2          4   2.1734264524493560E-01   9.3381881867732808E-01   5.5877535779187049E-01   6.2116080954887201E-02
         2          5   7.8224914695088943E-01   1.6609412430981307E+00   1.2025734317224370E+00   8.0253592866751003E-02
         2          6   7.5738909548084529E-02   4.6503498209951794E-01   2.6191074277213533E-01   3.4456097956984316E-02
         2          7   5.7668119365143633E-01   1.0565133937828481E+00   8.1740973530006833E-01   5.2351339051469173E-02
         2          8   1.7793688251121785E-02   1.8457222873652934E-01   9.8058736136686780E-02   1.7075451588066795E-02
         2          9   5.2051885786410734E-01   9.5535910537355184E-01   7.2466666178920436E-01   4.9146346329645728E-02
         2         10   8.4380694311313592E-02   7.5708331084459857E-01   4.1273363950096459E-01   6.2033396051575693E-02
         2         11   3.4346995306097772E-01   7.4464745756912809E-01   5.4431013839496323E-01   4.0937476554156645E-02
         2         12   2.9854780161251145E-02   5.6429400166171595E-01   2.9156713732629241E-01   6.1815094637222852E-02
         2         13   1.7536362676393086E-01   5.7163726890576383E-01   3.7962830977160100E-01   4.5245026192407153E-02
         2         14   2.2383731595055677E-03   4.0372882929022708E-01   1.7118376336296501E-01   5.5391919231723596E-02
         2         15   2.9074954551566130E-02   4.1532057230290831E-01   1.6585330807030838E-01   4.4636663440563482E-02
         2         16   1.5372419741582358E-06   2.2945632639248884E-01   4.7405920562215188E-02   2.8227625989295797E-02
         2         17   1.5331615196221065E-03   3.1496230922883818E-02   1.3197886828533493E-02   2.8216282289054029E-03
         2         18   6.8077233602652197E-06   1.8704325565251495E-03   6.1347471230853478E-04   2.4771215227154561E-04
         2         19   3.6687245919933151E-02   3.1684047143750571E-01   1.5876565087098621E-01   2.3958373469105478E-02
         2         20   9.7907143119938152E-04   2.1763141036978521E-02   6.7042716773947058E-03   1.8091632119817068E-03
         2         21   6.2012293720058618E-03   5.3988936963543031E-02   2.8074572719889373E-02   5.1916864382203715E-03
         2         22   1.1621841107796379E-02   1.2646293447077503E-01   5.6532461559764963E-02   1.0464562255972063E-02
         2         23   1.8305541625372197E-02   8.9250781388373418E-02   4.6696122129826878E-02   7.8086637578003767E-03
         2         24   5.4407178309969786E-04   1.5013328715052968E-02   5.1524899471333766E-03   1.4249897183335792E-03
         2         25   6.4116703639552060E-06   8.6911738000198223E-04   1.1909192875877532E-04   6.5929477282903221E-05
         2         26   1.3183049374010748E-02   8.4167099551532940E-02   4.1534073660562346E-02   7.5345790815680314E-03
         2         27   3.2595331272842645E-03   6.4848978436336760E-02   2.9795730217164727E-02   6.5832526007120343E-03
         2         28   2.4421407582014345E-05   2.1978729348228420E-03   3.2635067005797204E-04   1.7337945739717879E-04
         2         29   5.6651286888021483E-03   3.7574378121398792E-02   1.6592253031989444E-02   3.2035602979711897E-03
         2         30   2.5197932165888066E-03   2.8110617089399974E-02   1.0926021370612202E-02   2.6883547253356123E-03
