################################################################################
# Neural network connection values (weights and biases).
################################################################################
# Col  Name       Description
################################################################################
# 1    connection Neural network connection value.
# 2    t          Connection type (a = weight, b = bias).
# 3    index      Index enumerating weights.
# 4    l_s        Starting point layer (end point layer for biases).
# 5    n_s        Starting point neuron in starting layer (end point neuron for biases).
# 6    l_e        End point layer.
# 7    n_e        End point neuron in end layer.
################################################################################
#                      1 2         3     4     5     6     7
#             connection t     index   l_s   n_s   l_e   n_e
############################################################
  3.2416645943668820E-01 a         1     0     1     1     1
  2.8874139913596547E-01 a         2     0     1     1     2
 -1.3687861293407108E-01 a         3     0     1     1     3
 -9.9415190868829295E-01 a         4     0     1     1     4
  6.2396788506860934E-01 a         5     0     1     1     5
 -2.9482522104825187E-01 a         6     0     1     1     6
 -3.9321031318177541E-01 a         7     0     1     1     7
  3.5014566666699759E-01 a         8     0     1     1     8
  9.1930658262184384E-02 a         9     0     1     1     9
  5.0553420179371278E-01 a        10     0     1     1    10
  1.1420745291846739E-01 a        11     0     1     1    11
  4.7758445412998500E-02 a        12     0     1     1    12
 -2.8290431570112518E-01 a        13     0     1     1    13
 -1.2796523450262227E+00 a        14     0     1     1    14
  6.1357780550910923E-01 a        15     0     1     1    15
 -1.6698708982172880E-01 a        16     0     1     1    16
 -1.2323015589708659E-01 a        17     0     1     1    17
  8.1910489253495866E-01 a        18     0     1     1    18
  1.3168549477748964E-01 a        19     0     1     1    19
  1.8219315762016000E-01 a        20     0     1     1    20
  1.7004530527160724E-01 a        21     0     1     1    21
 -1.0966837074799174E+00 a        22     0     1     1    22
  2.1741676115356728E-01 a        23     0     1     1    23
 -4.0207347757297796E-01 a        24     0     1     1    24
  2.9753520113479459E-01 a        25     0     1     1    25
  1.8499961604184361E-02 a        26     0     2     1     1
 -4.1081704292665328E-01 a        27     0     2     1     2
 -5.4823659158698648E-02 a        28     0     2     1     3
  8.4531399382358519E-01 a        29     0     2     1     4
 -1.0037634851064159E+00 a        30     0     2     1     5
  3.7296232222215081E-01 a        31     0     2     1     6
  1.1627734177911749E-01 a        32     0     2     1     7
 -4.1796426013779436E-01 a        33     0     2     1     8
  3.0982864387897985E-01 a        34     0     2     1     9
 -2.0477492265076783E-02 a        35     0     2     1    10
 -1.8170473833220951E-01 a        36     0     2     1    11
  1.5826489768611970E-01 a        37     0     2     1    12
  1.2606880067638919E+00 a        38     0     2     1    13
  1.4647907443010275E+00 a        39     0     2     1    14
 -6.3606849719596448E-01 a        40     0     2     1    15
  5.3889677288745075E-01 a        41     0     2     1    16
  2.5644714853423484E-01 a        42     0     2     1    17
 -6.8197721325043426E-01 a        43     0     2     1    18
  6.3360119733664455E-02 a        44     0     2     1    19
 -5.2690721212190694E-01 a        45     0     2     1    20
 -1.6286572144643002E-01 a        46     0     2     1    21
  1.6053631917315476E+00 a        47     0     2     1    22
 -1.0976491219039608E+00 a        48     0     2     1    23
  1.6492148489168270E-02 a        49     0     2     1    24
 -9.1929470690699025E-02 a        50     0     2     1    25
 -4.3521183893555214E-02 a        51     0     3     1     1
 -5.7315171175429347E-01 a        52     0     3     1     2
  3.1613071265914650E-01 a        53     0     3     1     3
  6.0243960454636192E-01 a        54     0     3     1     4
 -3.4524769809656006E-02 a        55     0     3     1     5
  8.5894847260678941E-01 a        56     0     3     1     6
  7.6875506567623753E-01 a        57     0     3     1     7
 -7.4448767537177518E-01 a        58     0     3     1     8
 -8.2957141857595784E-02 a        59     0     3     1     9
 -7.6566281897814514E-01 a        60     0     3     1    10
 -5.3393504016658586E-02 a        61     0     3     1    11
 -1.9714053094969092E-01 a        62     0     3     1    12
  2.8539445398667457E-01 a        63     0     3     1    13
  1.8022999554566670E+00 a        64     0     3     1    14
 -5.2762508239634154E-01 a        65     0     3     1    15
 -4.6269534550976582E-01 a        66     0     3     1    16
 -3.3827061901682415E-03 a        67     0     3     1    17
 -1.4611748987973823E+00 a        68     0     3     1    18
 -4.4404629551581315E-01 a        69     0     3     1    19
 -2.0413855093264269E-01 a        70     0     3     1    20
 -1.8279518548827980E-01 a        71     0     3     1    21
  1.2516528779571290E+00 a        72     0     3     1    22
  9.2333169154167349E-01 a        73     0     3     1    23
  7.7802543758188836E-01 a        74     0     3     1    24
 -5.4536384954089168E-01 a        75     0     3     1    25
 -6.2012108441392000E-01 a        76     0     4     1     1
  7.8148253444351645E-01 a        77     0     4     1     2
 -4.1051349010293647E-01 a        78     0     4     1     3
 -5.1780064854601304E-01 a        79     0     4     1     4
  9.7093883457174357E-01 a        80     0     4     1     5
 -1.2608697303083309E+00 a        81     0     4     1     6
 -2.6112770209893771E-01 a        82     0     4     1     7
  1.1470831180093040E+00 a        83     0     4     1     8
 -7.6323644397700230E-01 a        84     0     4     1     9
 -3.2700938250813764E-02 a        85     0     4     1    10
 -1.4679062928656073E-01 a        86     0     4     1    11
  9.7647664055693795E-03 a        87     0     4     1    12
 -2.0798442764173037E+00 a        88     0     4     1    13
 -1.8080038094936133E+00 a        89     0     4     1    14
  5.4246267113398217E-01 a        90     0     4     1    15
 -5.6412145261682933E-01 a        91     0     4     1    16
 -3.8387049638049286E-01 a        92     0     4     1    17
  1.4904359469906661E+00 a        93     0     4     1    18
  2.9337186195629750E-01 a        94     0     4     1    19
  3.1356941972288060E-01 a        95     0     4     1    20
 -2.8752857805159460E-01 a        96     0     4     1    21
 -2.0862550415864232E+00 a        97     0     4     1    22
  6.7841948200367297E-01 a        98     0     4     1    23
  8.4669392956014555E-02 a        99     0     4     1    24
  3.7909421498838758E-01 a       100     0     4     1    25
 -4.9194125820009066E-01 a       101     0     5     1     1
  4.2651763365862499E-01 a       102     0     5     1     2
  1.7217041914923170E-01 a       103     0     5     1     3
  2.8789791194757686E-01 a       104     0     5     1     4
 -9.4490397940137105E-01 a       105     0     5     1     5
 -6.0980256643481023E-01 a       106     0     5     1     6
 -3.0686712674299693E-01 a       107     0     5     1     7
  3.3840951006166886E-01 a       108     0     5     1     8
 -4.5776838783525126E-01 a       109     0     5     1     9
  5.5585654220615344E-01 a       110     0     5     1    10
  6.1137414420786707E-01 a       111     0     5     1    11
  2.9780353924200059E-01 a       112     0     5     1    12
  6.8745566774518752E-01 a       113     0     5     1    13
 -1.5426868833256053E+00 a       114     0     5     1    14
  6.6895326552212520E-01 a       115     0     5     1    15
  9.7413037291225711E-03 a       116     0     5     1    16
 -5.6868068482971990E-03 a       117     0     5     1    17
  3.4372594800571149E-01 a       118     0     5     1    18
  5.4011213563406532E-02 a       119     0     5     1    19
  4.9215829477692019E-01 a       120     0     5     1    20
  1.1512866013476439E+00 a       121     0     5     1    21
  2.3831323578750604E-01 a       122     0     5     1    22
 -5.5532196754408525E-01 a       123     0     5     1    23
 -4.1307464033739744E-01 a       124     0     5     1    24
 -5.2494517819089238E-02 a       125     0     5     1    25
  6.7049439618707785E-01 a       126     0     6     1     1
 -9.9059483138336979E-01 a       127     0     6     1     2
  4.2335728218408009E-01 a       128     0     6     1     3
 -6.8412404315246000E-01 a       129     0     6     1     4
 -1.4558562588755014E-01 a       130     0     6     1     5
  1.0612999727233443E+00 a       131     0     6     1     6
  4.0106139164064092E-01 a       132     0     6     1     7
 -8.3384164594189336E-01 a       133     0     6     1     8
  3.8796214417317754E-01 a       134     0     6     1     9
  7.8732746815019483E-01 a       135     0     6     1    10
  3.9676503462125123E-01 a       136     0     6     1    11
 -2.7397357943457246E-01 a       137     0     6     1    12
  1.1173952563331149E+00 a       138     0     6     1    13
  1.0933766040910362E+00 a       139     0     6     1    14
 -6.5465952973577923E-01 a       140     0     6     1    15
  7.7766827317691234E-01 a       141     0     6     1    16
  7.5839745496827560E-01 a       142     0     6     1    17
 -9.3923895188709738E-01 a       143     0     6     1    18
 -3.1705565645339734E-01 a       144     0     6     1    19
  5.0812534841587931E-01 a       145     0     6     1    20
 -8.0286989142128423E-02 a       146     0     6     1    21
  7.6155408021129301E-01 a       147     0     6     1    22
  2.5504956220901426E-01 a       148     0     6     1    23
 -3.0519026417517797E-01 a       149     0     6     1    24
 -2.6280290489461006E-01 a       150     0     6     1    25
  7.9844321331074020E-01 a       151     0     7     1     1
  5.7954671907838562E-01 a       152     0     7     1     2
 -3.5308592105548563E-02 a       153     0     7     1     3
  1.5589228143293851E-01 a       154     0     7     1     4
  4.2745285769101155E-01 a       155     0     7     1     5
  6.2961515210762931E-01 a       156     0     7     1     6
  3.8153912640245424E-02 a       157     0     7     1     7
 -2.3833342072693037E-01 a       158     0     7     1     8
  1.0448453792707006E+00 a       159     0     7     1     9
 -1.3535008565180489E+00 a       160     0     7     1    10
 -1.0555733903040982E+00 a       161     0     7     1    11
 -1.6366570271758313E-01 a       162     0     7     1    12
 -8.4026450178032819E-01 a       163     0     7     1    13
  1.0141931186443220E+00 a       164     0     7     1    14
 -6.6412457192246133E-01 a       165     0     7     1    15
  5.7510814487500528E-01 a       166     0     7     1    16
 -4.4730485610127513E-03 a       167     0     7     1    17
  1.6278649121632863E-01 a       168     0     7     1    18
  1.1670395819082370E-01 a       169     0     7     1    19
 -1.1932422985038185E+00 a       170     0     7     1    20
 -1.1380532257993461E+00 a       171     0     7     1    21
 -1.1446460978586710E+00 a       172     0     7     1    22
 -8.3894401738929525E-01 a       173     0     7     1    23
  3.4631629488218207E-01 a       174     0     7     1    24
  7.0739117300196580E-02 a       175     0     7     1    25
 -1.2224472281586034E-01 a       176     0     8     1     1
  1.0415385567106037E+00 a       177     0     8     1     2
 -6.5196060166420766E-01 a       178     0     8     1     3
  1.0823602094048799E+00 a       179     0     8     1     4
 -4.2493404381662286E-01 a       180     0     8     1     5
 -8.8197712533685713E-01 a       181     0     8     1     6
 -4.1568382107274121E-01 a       182     0     8     1     7
  4.9667266096837775E-01 a       183     0     8     1     8
 -9.2052125437084194E-03 a       184     0     8     1     9
 -1.2012100089049316E+00 a       185     0     8     1    10
 -1.7481471418173272E-01 a       186     0     8     1    11
 -1.3368087107021047E-02 a       187     0     8     1    12
 -1.0511678897841137E+00 a       188     0     8     1    13
 -4.6783993463489404E-01 a       189     0     8     1    14
  6.2019770071824398E-01 a       190     0     8     1    15
 -2.0169562366609128E-01 a       191     0     8     1    16
 -7.0426410641303305E-01 a       192     0     8     1    17
 -2.9104556685300165E-01 a       193     0     8     1    18
  2.1806847268505414E-01 a       194     0     8     1    19
 -3.5456990430251595E-01 a       195     0     8     1    20
  2.5504687250685665E-01 a       196     0     8     1    21
 -9.0941188760281406E-03 a       197     0     8     1    22
 -9.1260747174462176E-01 a       198     0     8     1    23
  6.6245458516430666E-01 a       199     0     8     1    24
  2.5536199251956992E-01 a       200     0     8     1    25
 -4.3846163227858875E-01 a       201     0     9     1     1
 -4.2811629388426359E-01 a       202     0     9     1     2
  5.4534889741849735E-01 a       203     0     9     1     3
 -3.9110001392082094E-01 a       204     0     9     1     4
 -3.5137298279617236E-02 a       205     0     9     1     5
 -3.5816870130401390E-01 a       206     0     9     1     6
  3.9712600235472684E-01 a       207     0     9     1     7
 -1.8123765204095890E-01 a       208     0     9     1     8
  7.5027992646203900E-01 a       209     0     9     1     9
  8.2362472977220258E-01 a       210     0     9     1    10
  1.1051738896163008E-01 a       211     0     9     1    11
 -1.9037785419072953E-01 a       212     0     9     1    12
 -1.5102498418306520E-01 a       213     0     9     1    13
  5.0204637107165950E-01 a       214     0     9     1    14
 -5.3638422820834919E-01 a       215     0     9     1    15
  8.7334252358127618E-01 a       216     0     9     1    16
  1.1630552027400920E+00 a       217     0     9     1    17
 -4.9132783906449701E-01 a       218     0     9     1    18
  9.4231971801488873E-02 a       219     0     9     1    19
  8.2034671610719834E-01 a       220     0     9     1    20
 -4.4628287372997405E-01 a       221     0     9     1    21
 -1.7413974273774774E-01 a       222     0     9     1    22
 -1.6356825261883298E-01 a       223     0     9     1    23
 -6.3869182867223179E-02 a       224     0     9     1    24
 -3.9162211145800535E-01 a       225     0     9     1    25
 -1.0092658213096282E+00 a       226     0    10     1     1
 -1.1598957924508169E+00 a       227     0    10     1     2
  5.9644886043778789E-01 a       228     0    10     1     3
 -7.5867534743976228E-01 a       229     0    10     1     4
  2.2084689883490710E-01 a       230     0    10     1     5
 -1.4626246148355923E-01 a       231     0    10     1     6
  4.9211184649896661E-01 a       232     0    10     1     7
  9.8543882950381564E-02 a       233     0    10     1     8
 -5.5638783550509008E-01 a       234     0    10     1     9
  1.0727686477000615E+00 a       235     0    10     1    10
  1.2406842092704460E+00 a       236     0    10     1    11
  4.3625430664486337E-01 a       237     0    10     1    12
  1.8609314228498891E-01 a       238     0    10     1    13
 -2.3756012704260401E-01 a       239     0    10     1    14
 -5.7613081398243571E-01 a       240     0    10     1    15
 -3.3605516891205833E-01 a       241     0    10     1    16
 -3.1738290408995568E-01 a       242     0    10     1    17
  6.6585208637059656E-01 a       243     0    10     1    18
  2.2537658269268865E-01 a       244     0    10     1    19
  5.5637610654676151E-01 a       245     0    10     1    20
  4.3725694912352625E-01 a       246     0    10     1    21
  5.8352723784064642E-01 a       247     0    10     1    22
  1.3566767800649431E+00 a       248     0    10     1    23
 -4.8026321963382823E-01 a       249     0    10     1    24
 -2.2452620315815430E-01 a       250     0    10     1    25
  2.3841036592278633E-01 a       251     0    11     1     1
  3.1657683225697730E-01 a       252     0    11     1     2
 -1.6865682610048896E-01 a       253     0    11     1     3
 -2.9132053209673930E-01 a       254     0    11     1     4
 -4.4685891628184221E-01 a       255     0    11     1     5
 -5.6497366287809936E-01 a       256     0    11     1     6
 -2.3342244326901424E-02 a       257     0    11     1     7
  7.5287981134168380E-01 a       258     0    11     1     8
 -7.5352111649339892E-01 a       259     0    11     1     9
 -7.5276988299408099E-02 a       260     0    11     1    10
 -2.0147207827415664E-01 a       261     0    11     1    11
  6.4064627571239574E-01 a       262     0    11     1    12
  1.0756365591403412E-01 a       263     0    11     1    13
 -1.6303952941345370E-01 a       264     0    11     1    14
 -6.9494786889175930E-02 a       265     0    11     1    15
 -3.1515204162284710E-01 a       266     0    11     1    16
 -7.2989134411139889E-01 a       267     0    11     1    17
 -1.9292745978891634E-01 a       268     0    11     1    18
  4.7224162871195663E-01 a       269     0    11     1    19
 -3.3593628745569576E-01 a       270     0    11     1    20
  6.1474857657644894E-03 a       271     0    11     1    21
  7.0248593645289559E-01 a       272     0    11     1    22
 -9.9653975734335876E-01 a       273     0    11     1    23
  9.7570495478755892E-01 a       274     0    11     1    24
  1.6784314132143735E-01 a       275     0    11     1    25
  1.0022042369956660E-01 a       276     0    12     1     1
  2.2880575750506313E-01 a       277     0    12     1     2
 -7.4782334272098727E-01 a       278     0    12     1     3
  6.3264546088405837E-01 a       279     0    12     1     4
 -5.4462437804228603E-01 a       280     0    12     1     5
  1.0111925650867423E-01 a       281     0    12     1     6
 -4.7373740789795543E-01 a       282     0    12     1     7
  6.6565759035640271E-02 a       283     0    12     1     8
 -1.7139547601472135E-01 a       284     0    12     1     9
 -6.2521137746386912E-01 a       285     0    12     1    10
 -7.8138517592235524E-01 a       286     0    12     1    11
 -2.0208217269359674E-01 a       287     0    12     1    12
  9.3002971030499582E-01 a       288     0    12     1    13
  7.5208891440325110E-02 a       289     0    12     1    14
  5.2591558753443701E-01 a       290     0    12     1    15
 -4.6487799453242884E-01 a       291     0    12     1    16
 -5.8304577595610685E-01 a       292     0    12     1    17
  1.0878071438079034E-01 a       293     0    12     1    18
 -1.9920161398751068E-01 a       294     0    12     1    19
 -8.3302120160604476E-01 a       295     0    12     1    20
  5.1335881930021782E-03 a       296     0    12     1    21
 -2.2785388492575737E-01 a       297     0    12     1    22
 -7.8338371515428029E-01 a       298     0    12     1    23
 -6.6194452395501380E-01 a       299     0    12     1    24
  2.5870756467649297E-01 a       300     0    12     1    25
 -7.3097386947649312E-01 a       301     0    13     1     1
 -2.2187065523431301E-01 a       302     0    13     1     2
  3.1780117290058696E-01 a       303     0    13     1     3
  5.2889817462860089E-01 a       304     0    13     1     4
  8.6098161354095523E-02 a       305     0    13     1     5
 -5.5830928435530787E-02 a       306     0    13     1     6
 -3.8403649715132382E-02 a       307     0    13     1     7
 -6.9302589352589772E-01 a       308     0    13     1     8
  3.0079324059729384E-01 a       309     0    13     1     9
 -5.2285380896119638E-01 a       310     0    13     1    10
  6.4518293677927130E-01 a       311     0    13     1    11
 -3.0497945800038684E-01 a       312     0    13     1    12
  5.1968132286612234E-01 a       313     0    13     1    13
  1.1631611096726463E-01 a       314     0    13     1    14
 -1.7127685563822279E-01 a       315     0    13     1    15
 -3.6876528771970307E-01 a       316     0    13     1    16
  5.2642541544219257E-01 a       317     0    13     1    17
  6.2220687639386263E-02 a       318     0    13     1    18
 -4.6884299137169361E-01 a       319     0    13     1    19
  1.4006538177443972E-01 a       320     0    13     1    20
  3.1143357726514198E-01 a       321     0    13     1    21
 -9.9347881138820449E-01 a       322     0    13     1    22
  9.4621506931673344E-02 a       323     0    13     1    23
 -1.3236335651166293E+00 a       324     0    13     1    24
 -2.0761715603739184E-02 a       325     0    13     1    25
 -1.0824333713101935E+00 a       326     0    14     1     1
 -6.2795597444902018E-01 a       327     0    14     1     2
  1.3613081312812543E+00 a       328     0    14     1     3
  2.8454872756708011E-01 a       329     0    14     1     4
  3.0816681394778461E-01 a       330     0    14     1     5
  1.5067705385601857E-01 a       331     0    14     1     6
  3.7173059537781500E-01 a       332     0    14     1     7
 -3.4182180628550045E-02 a       333     0    14     1     8
  6.4793757710211619E-02 a       334     0    14     1     9
  5.4091594618248051E-01 a       335     0    14     1    10
  1.2067749867668884E+00 a       336     0    14     1    11
 -1.6529709833651102E-01 a       337     0    14     1    12
 -6.6152517159276780E-01 a       338     0    14     1    13
 -1.3148418627266831E-01 a       339     0    14     1    14
 -1.4912364739141521E+00 a       340     0    14     1    15
  4.5311251301602806E-01 a       341     0    14     1    16
 -1.9713096288921105E-02 a       342     0    14     1    17
  5.7607974262460637E-01 a       343     0    14     1    18
  7.9592520572725561E-02 a       344     0    14     1    19
  5.9729083724378029E-01 a       345     0    14     1    20
  6.5234366452859949E-01 a       346     0    14     1    21
  2.4101827938164330E-01 a       347     0    14     1    22
 -1.6641741813400612E-01 a       348     0    14     1    23
 -3.4018551259965935E-01 a       349     0    14     1    24
 -8.1094458535970304E-01 a       350     0    14     1    25
  3.6705811093581797E-01 a       351     0    15     1     1
  3.3278639754345571E-02 a       352     0    15     1     2
 -1.7943592272465733E-01 a       353     0    15     1     3
 -4.5545031476320497E-01 a       354     0    15     1     4
 -8.3080308235457853E-02 a       355     0    15     1     5
  1.5243446449399792E-01 a       356     0    15     1     6
  1.6339111905988055E-01 a       357     0    15     1     7
 -2.4267262480516741E-01 a       358     0    15     1     8
 -7.7668065178248605E-02 a       359     0    15     1     9
  1.6912044988402777E-02 a       360     0    15     1    10
  9.6010633828660444E-02 a       361     0    15     1    11
  4.3912314517047629E-01 a       362     0    15     1    12
 -4.8052429212907977E-01 a       363     0    15     1    13
 -1.6850801315946159E-01 a       364     0    15     1    14
  7.2970466302253933E-01 a       365     0    15     1    15
  3.4203759705264530E-01 a       366     0    15     1    16
  1.5184961627356949E-01 a       367     0    15     1    17
  8.6813802514228183E-02 a       368     0    15     1    18
 -1.7820303782398111E-01 a       369     0    15     1    19
 -7.2240587444996185E-01 a       370     0    15     1    20
 -4.1456244057760860E-01 a       371     0    15     1    21
 -6.9115349858412056E-01 a       372     0    15     1    22
  1.1678292315562437E-01 a       373     0    15     1    23
 -4.0800627207985855E-03 a       374     0    15     1    24
 -2.2820776891599559E-01 a       375     0    15     1    25
  4.3182121460186335E-01 a       376     0    16     1     1
  8.4240835055297572E-02 a       377     0    16     1     2
 -5.3201904573419598E-02 a       378     0    16     1     3
 -1.8163531472114375E-01 a       379     0    16     1     4
  1.0848226129706411E-01 a       380     0    16     1     5
  3.8636905661165633E-01 a       381     0    16     1     6
 -2.6729421811439252E-01 a       382     0    16     1     7
 -4.1345713541990481E-01 a       383     0    16     1     8
  3.9411394308963998E-01 a       384     0    16     1     9
 -3.6595049411270808E-01 a       385     0    16     1    10
 -8.1472484761775921E-01 a       386     0    16     1    11
  2.0914733521753143E-01 a       387     0    16     1    12
  7.3373908049439351E-01 a       388     0    16     1    13
 -2.3741041951969538E-01 a       389     0    16     1    14
  9.1716217860562255E-01 a       390     0    16     1    15
 -7.1423902965970498E-01 a       391     0    16     1    16
  1.2643429184267269E-01 a       392     0    16     1    17
  7.0654285884333257E-02 a       393     0    16     1    18
 -1.0507379304202823E-02 a       394     0    16     1    19
 -4.6069014872539199E-01 a       395     0    16     1    20
  2.6531679586301876E-01 a       396     0    16     1    21
  9.5568431188287742E-02 a       397     0    16     1    22
  2.4210330249908904E-01 a       398     0    16     1    23
 -1.5144099283145560E-01 a       399     0    16     1    24
  9.6006762021617606E-02 a       400     0    16     1    25
 -4.6434764321158055E-02 a       401     0    17     1     1
 -8.3816876629882894E-02 a       402     0    17     1     2
 -7.4546902417846186E-02 a       403     0    17     1     3
 -1.9821163488365937E-02 a       404     0    17     1     4
 -1.6497961110057613E-01 a       405     0    17     1     5
 -3.1270031489696690E-02 a       406     0    17     1     6
  4.1555208335050990E-02 a       407     0    17     1     7
 -4.1501993931410859E-03 a       408     0    17     1     8
 -7.5030159212823612E-03 a       409     0    17     1     9
  2.0413774199557226E-03 a       410     0    17     1    10
  6.3159361830703300E-03 a       411     0    17     1    11
  2.0239224595186938E-02 a       412     0    17     1    12
 -1.7545812503431762E-02 a       413     0    17     1    13
 -7.4575509774105986E-02 a       414     0    17     1    14
  1.5153392090839799E-02 a       415     0    17     1    15
 -5.2830654885132930E-02 a       416     0    17     1    16
  5.5530489504357856E-02 a       417     0    17     1    17
 -4.7903388094578177E-02 a       418     0    17     1    18
  3.1793808214767204E-02 a       419     0    17     1    19
  1.2419119011441824E-02 a       420     0    17     1    20
 -2.7768214846137378E-02 a       421     0    17     1    21
 -1.6871407157185429E-02 a       422     0    17     1    22
 -6.7964994607341053E-02 a       423     0    17     1    23
 -5.4813022798904494E-02 a       424     0    17     1    24
 -5.3435612097425221E-02 a       425     0    17     1    25
 -1.2256501596927345E-01 a       426     0    18     1     1
 -5.0707521670491661E-02 a       427     0    18     1     2
  1.3372061476286268E-01 a       428     0    18     1     3
  2.1118576677903417E-01 a       429     0    18     1     4
 -2.4002969736699703E-01 a       430     0    18     1     5
  4.2592043344919034E-02 a       431     0    18     1     6
  2.0674294690911799E-01 a       432     0    18     1     7
 -1.3027061776012430E-01 a       433     0    18     1     8
  9.5822549360275983E-02 a       434     0    18     1     9
 -9.6681156310318567E-02 a       435     0    18     1    10
 -1.8886479587542694E-03 a       436     0    18     1    11
 -1.7053050252060731E-01 a       437     0    18     1    12
 -7.0341495097900664E-02 a       438     0    18     1    13
 -5.0965161984573057E-02 a       439     0    18     1    14
 -4.1383652852357608E-02 a       440     0    18     1    15
  1.7560492366347649E-01 a       441     0    18     1    16
  1.1041004690952801E-01 a       442     0    18     1    17
 -1.0380530523260262E-01 a       443     0    18     1    18
 -1.9919052676911710E-02 a       444     0    18     1    19
 -4.1852238301669460E-02 a       445     0    18     1    20
  2.0468033927437160E-01 a       446     0    18     1    21
 -1.1099470253064440E-01 a       447     0    18     1    22
 -2.2016185333087076E-02 a       448     0    18     1    23
 -9.1005274127166524E-02 a       449     0    18     1    24
 -1.5410265304407950E-01 a       450     0    18     1    25
  6.7477793485208812E-02 a       451     0    19     1     1
 -9.7532710610542417E-02 a       452     0    19     1     2
  1.8586340207401331E-01 a       453     0    19     1     3
  1.8710030994037793E-01 a       454     0    19     1     4
  2.2704795267937394E-01 a       455     0    19     1     5
  1.3082768772079822E-01 a       456     0    19     1     6
 -2.8387705279762909E-01 a       457     0    19     1     7
 -8.7963114800995047E-03 a       458     0    19     1     8
  1.1269787285619959E-01 a       459     0    19     1     9
 -4.0981143503016709E-02 a       460     0    19     1    10
 -1.3104947262816288E-01 a       461     0    19     1    11
 -1.3257656028418832E-01 a       462     0    19     1    12
 -1.0334171518749917E-01 a       463     0    19     1    13
 -1.9697005708626811E-01 a       464     0    19     1    14
 -2.1336325351288718E-01 a       465     0    19     1    15
  1.9899076571131474E-01 a       466     0    19     1    16
 -7.4136693196649478E-02 a       467     0    19     1    17
  1.6569154476042208E-01 a       468     0    19     1    18
  1.3798934877475386E-01 a       469     0    19     1    19
  3.7937603534179770E-02 a       470     0    19     1    20
 -1.6126557052009827E-01 a       471     0    19     1    21
 -2.4832693988282406E-01 a       472     0    19     1    22
 -2.2133452908683382E-01 a       473     0    19     1    23
 -2.8803919193811450E-01 a       474     0    19     1    24
  1.1538741503000716E-01 a       475     0    19     1    25
  7.1642177931775436E-02 a       476     0    20     1     1
  2.1125110136329450E-01 a       477     0    20     1     2
  1.2259187526662416E-01 a       478     0    20     1     3
  2.2570647492017049E-01 a       479     0    20     1     4
 -3.2884158424150567E-01 a       480     0    20     1     5
  7.6455590425800371E-02 a       481     0    20     1     6
  4.0496157043034675E-01 a       482     0    20     1     7
 -1.3542977919906123E-02 a       483     0    20     1     8
 -1.3476765311612030E-01 a       484     0    20     1     9
 -2.0751295656549512E-01 a       485     0    20     1    10
  3.6025297143693819E-02 a       486     0    20     1    11
  3.7002099795412198E-02 a       487     0    20     1    12
 -1.3639308286673646E-01 a       488     0    20     1    13
 -2.1477982410835242E-01 a       489     0    20     1    14
 -6.0279393497974516E-02 a       490     0    20     1    15
  1.3018294990155987E-01 a       491     0    20     1    16
  6.8592668444403843E-02 a       492     0    20     1    17
 -2.9844434084385818E-01 a       493     0    20     1    18
 -1.0035553381581931E-01 a       494     0    20     1    19
  1.9011125739905740E-01 a       495     0    20     1    20
  1.2251871188647431E-01 a       496     0    20     1    21
  1.4251272593762371E-01 a       497     0    20     1    22
  6.5695282818714090E-02 a       498     0    20     1    23
  3.2400232413603108E-01 a       499     0    20     1    24
 -1.3643932001545070E-01 a       500     0    20     1    25
  3.2760471755854403E-01 a       501     0    21     1     1
  4.4927904697975779E-01 a       502     0    21     1     2
  6.2299420700989677E-02 a       503     0    21     1     3
 -6.6756366998413252E-02 a       504     0    21     1     4
  1.0812772838585200E-01 a       505     0    21     1     5
 -9.0303119592157241E-02 a       506     0    21     1     6
  2.5622361937794563E-01 a       507     0    21     1     7
 -4.7233451371400663E-02 a       508     0    21     1     8
 -1.2605636303822351E-01 a       509     0    21     1     9
  4.5734135004355581E-02 a       510     0    21     1    10
  1.1003409577313761E-01 a       511     0    21     1    11
  3.5610343453600909E-02 a       512     0    21     1    12
  8.2788213230133911E-02 a       513     0    21     1    13
  4.7060184036291863E-02 a       514     0    21     1    14
  3.5798381471620885E-02 a       515     0    21     1    15
 -2.2075154176590495E-01 a       516     0    21     1    16
  2.5331166154543244E-01 a       517     0    21     1    17
 -7.5879683507519918E-02 a       518     0    21     1    18
 -1.5437344866190209E-01 a       519     0    21     1    19
  1.0512120481643192E-01 a       520     0    21     1    20
  3.9236028294064342E-02 a       521     0    21     1    21
  2.6701409879165234E-03 a       522     0    21     1    22
  4.5816260806322721E-02 a       523     0    21     1    23
  2.1532104269153457E-01 a       524     0    21     1    24
  3.1795985576778776E-02 a       525     0    21     1    25
 -1.5785509716166460E-01 a       526     0    22     1     1
 -5.0063560051029143E-01 a       527     0    22     1     2
 -5.1294069197608394E-01 a       528     0    22     1     3
 -7.5308117787632056E-01 a       529     0    22     1     4
  6.6472945818758267E-01 a       530     0    22     1     5
 -8.7645954041694368E-02 a       531     0    22     1     6
 -6.2539725913188693E-01 a       532     0    22     1     7
 -1.9482013994453912E-01 a       533     0    22     1     8
  4.9108868926594490E-01 a       534     0    22     1     9
  5.3815289622131401E-01 a       535     0    22     1    10
 -5.5530483190302168E-02 a       536     0    22     1    11
  2.2765988106750049E-03 a       537     0    22     1    12
  3.3618240636598862E-01 a       538     0    22     1    13
  8.0858018904813134E-01 a       539     0    22     1    14
  6.6743555189283543E-01 a       540     0    22     1    15
 -6.4137737655005778E-01 a       541     0    22     1    16
 -4.0911943495008951E-01 a       542     0    22     1    17
  5.9260963188157734E-01 a       543     0    22     1    18
  3.5660386185836612E-02 a       544     0    22     1    19
 -4.3377515412274953E-01 a       545     0    22     1    20
 -5.8377218791226071E-04 a       546     0    22     1    21
  2.2760866583229469E-02 a       547     0    22     1    22
  5.4843845502162847E-01 a       548     0    22     1    23
 -4.3765215890456688E-01 a       549     0    22     1    24
  2.4456978950612177E-01 a       550     0    22     1    25
  1.4814461519033195E-01 a       551     0    23     1     1
 -7.3422422986283903E-02 a       552     0    23     1     2
 -1.8243666399501540E-01 a       553     0    23     1     3
  1.3215244878955987E-01 a       554     0    23     1     4
 -3.3316994133162442E-01 a       555     0    23     1     5
  5.4070261717540709E-02 a       556     0    23     1     6
  4.3465563014031106E-01 a       557     0    23     1     7
 -8.3461563222301707E-02 a       558     0    23     1     8
  1.4664537612668851E-01 a       559     0    23     1     9
 -1.5607236445404338E-01 a       560     0    23     1    10
  5.4876074803753450E-02 a       561     0    23     1    11
  4.1761723889725301E-02 a       562     0    23     1    12
 -2.8542515759792642E-01 a       563     0    23     1    13
 -2.5165552213539805E-01 a       564     0    23     1    14
  3.4750493227072572E-03 a       565     0    23     1    15
  4.7409052931002220E-02 a       566     0    23     1    16
 -1.2523042743674861E-01 a       567     0    23     1    17
  1.4003899136826131E-01 a       568     0    23     1    18
  2.4251279893889109E-02 a       569     0    23     1    19
 -9.6880227534812430E-02 a       570     0    23     1    20
  5.4253167513244265E-02 a       571     0    23     1    21
 -1.9055223538710447E-01 a       572     0    23     1    22
 -1.6140607601525916E-01 a       573     0    23     1    23
 -2.7480130414992449E-02 a       574     0    23     1    24
  4.9200270568990345E-02 a       575     0    23     1    25
 -4.2454334589558246E-01 a       576     0    24     1     1
  1.1745791019834061E-01 a       577     0    24     1     2
 -4.0081542088548533E-01 a       578     0    24     1     3
  6.1503041732904773E-01 a       579     0    24     1     4
  5.1345707999808654E-01 a       580     0    24     1     5
 -4.4863923278323325E-01 a       581     0    24     1     6
 -5.6034408223837395E-01 a       582     0    24     1     7
  1.2943245284309654E-01 a       583     0    24     1     8
 -2.4256956503422419E-01 a       584     0    24     1     9
  3.1592587549288037E-01 a       585     0    24     1    10
 -7.5934376918262747E-01 a       586     0    24     1    11
 -3.9852461420496599E-01 a       587     0    24     1    12
  4.3157593194007104E-01 a       588     0    24     1    13
  9.9391686401731716E-01 a       589     0    24     1    14
  6.2435777260568359E-01 a       590     0    24     1    15
 -3.0359707421411752E-01 a       591     0    24     1    16
 -3.5162473244161545E-02 a       592     0    24     1    17
 -5.5554919906427325E-01 a       593     0    24     1    18
 -5.9091200227878582E-01 a       594     0    24     1    19
  5.1927759378654637E-01 a       595     0    24     1    20
 -1.3979312007124181E-01 a       596     0    24     1    21
  5.6681631371380037E-01 a       597     0    24     1    22
  5.5060329703010868E-01 a       598     0    24     1    23
 -1.0086909786024266E-01 a       599     0    24     1    24
 -7.0595577690112141E-02 a       600     0    24     1    25
 -1.2631171931552576E-02 a       601     0    25     1     1
 -5.3179967353917046E-01 a       602     0    25     1     2
 -9.5524797334776854E-02 a       603     0    25     1     3
 -2.6393793434332091E-01 a       604     0    25     1     4
  1.8968799711378867E-01 a       605     0    25     1     5
  2.6513797175177117E-01 a       606     0    25     1     6
  2.5842427027200271E-01 a       607     0    25     1     7
  1.7775579224126489E-01 a       608     0    25     1     8
 -5.5572100648463141E-01 a       609     0    25     1     9
  3.0094225307075667E-01 a       610     0    25     1    10
 -1.5315532477172880E-01 a       611     0    25     1    11
  3.9461173364344176E-01 a       612     0    25     1    12
  4.4064321043221788E-01 a       613     0    25     1    13
 -4.9037319386642392E-01 a       614     0    25     1    14
 -4.8113152603292984E-02 a       615     0    25     1    15
 -6.3741443411337820E-02 a       616     0    25     1    16
 -6.8672795641430417E-01 a       617     0    25     1    17
  6.0229935752881292E-01 a       618     0    25     1    18
  9.8487538795217489E-02 a       619     0    25     1    19
 -5.7666844292088704E-01 a       620     0    25     1    20
 -5.3832090344424995E-02 a       621     0    25     1    21
 -3.9125077636069827E-01 a       622     0    25     1    22
  4.3089945894585613E-01 a       623     0    25     1    23
 -2.2787001834298739E-02 a       624     0    25     1    24
  3.5825157499832172E-01 a       625     0    25     1    25
  7.4544470907124821E-02 a       626     0    26     1     1
  1.1890315196627759E-02 a       627     0    26     1     2
 -1.1473518486887588E-01 a       628     0    26     1     3
 -2.8374901985803169E-01 a       629     0    26     1     4
  2.6545741674020784E-01 a       630     0    26     1     5
 -1.1607905166043514E-01 a       631     0    26     1     6
  8.2012698501598660E-02 a       632     0    26     1     7
  3.9817441785961784E-02 a       633     0    26     1     8
  5.3665094767870361E-02 a       634     0    26     1     9
  1.5933238957640983E-01 a       635     0    26     1    10
  1.5666837358749117E-01 a       636     0    26     1    11
 -1.2843638847674923E-02 a       637     0    26     1    12
 -5.6645582659528890E-02 a       638     0    26     1    13
  1.9010419268274234E-01 a       639     0    26     1    14
  1.1173488557985493E-01 a       640     0    26     1    15
  5.2127249715808434E-02 a       641     0    26     1    16
 -1.0045204476507183E-01 a       642     0    26     1    17
  2.5232557165327758E-02 a       643     0    26     1    18
  7.2460252329036474E-03 a       644     0    26     1    19
 -6.0399618089638264E-02 a       645     0    26     1    20
  2.6764892189007437E-02 a       646     0    26     1    21
 -5.2705498090797463E-02 a       647     0    26     1    22
  1.6353382083957071E-01 a       648     0    26     1    23
  3.9931737424861266E-02 a       649     0    26     1    24
  1.3542769903829521E-01 a       650     0    26     1    25
  9.8515086988117367E-02 a       651     0    27     1     1
  4.2847819655608582E-01 a       652     0    27     1     2
  5.1126333595980200E-01 a       653     0    27     1     3
  5.7625065450243673E-01 a       654     0    27     1     4
 -2.0601688355723496E-01 a       655     0    27     1     5
  2.7634534087985529E-01 a       656     0    27     1     6
 -3.0529694494406201E-01 a       657     0    27     1     7
  1.8924521075864321E-02 a       658     0    27     1     8
 -6.1012951085260136E-01 a       659     0    27     1     9
 -5.0621551014738253E-01 a       660     0    27     1    10
  2.7483461977745322E-01 a       661     0    27     1    11
 -3.9518584229370868E-01 a       662     0    27     1    12
  1.7790172596754220E-01 a       663     0    27     1    13
 -1.2540906928399482E+00 a       664     0    27     1    14
 -6.8443962123174140E-01 a       665     0    27     1    15
 -3.0250078090480853E-01 a       666     0    27     1    16
  6.5489544863144855E-01 a       667     0    27     1    17
 -6.8131968874782012E-01 a       668     0    27     1    18
 -4.6661690223633666E-02 a       669     0    27     1    19
  3.6834719517460929E-01 a       670     0    27     1    20
 -2.7990753877026302E-02 a       671     0    27     1    21
 -7.4570847207767387E-03 a       672     0    27     1    22
 -4.7369831815538804E-01 a       673     0    27     1    23
 -2.5911068808923560E-01 a       674     0    27     1    24
 -4.7470320425827506E-01 a       675     0    27     1    25
 -6.4535399768771401E-02 a       676     0    28     1     1
  6.1870830626713197E-02 a       677     0    28     1     2
  1.3754789715041174E-01 a       678     0    28     1     3
  7.4700035343966478E-02 a       679     0    28     1     4
 -2.6171607227064242E-01 a       680     0    28     1     5
  2.5115237187634636E-02 a       681     0    28     1     6
  1.8744535421048431E-01 a       682     0    28     1     7
  3.8295438445248048E-02 a       683     0    28     1     8
  2.1762024760199047E-01 a       684     0    28     1     9
 -1.5852415763992902E-02 a       685     0    28     1    10
 -9.1222091072646214E-02 a       686     0    28     1    11
  2.3835601576763629E-01 a       687     0    28     1    12
 -1.0393508054535364E-01 a       688     0    28     1    13
  1.9662246202658101E-01 a       689     0    28     1    14
 -1.0932964205567876E-01 a       690     0    28     1    15
  2.7771512845649460E-01 a       691     0    28     1    16
  1.8628031986228552E-01 a       692     0    28     1    17
  2.4975123348497225E-01 a       693     0    28     1    18
  5.2715370169630398E-02 a       694     0    28     1    19
  2.0341592593549600E-02 a       695     0    28     1    20
  5.0264728396330763E-03 a       696     0    28     1    21
  9.1927523761824323E-02 a       697     0    28     1    22
 -3.5904421967288430E-01 a       698     0    28     1    23
  1.8850815170192722E-01 a       699     0    28     1    24
 -1.6391505367388228E-02 a       700     0    28     1    25
  5.0081231345840194E-01 a       701     0    29     1     1
  4.0869293976495163E-01 a       702     0    29     1     2
  7.4897745873451671E-01 a       703     0    29     1     3
 -6.5064202102360758E-01 a       704     0    29     1     4
 -1.1056215059996928E-01 a       705     0    29     1     5
  2.2502255957473782E-01 a       706     0    29     1     6
 -2.1278334080925768E-01 a       707     0    29     1     7
 -2.4113854706366816E-01 a       708     0    29     1     8
  9.0999993475310625E-02 a       709     0    29     1     9
  7.1637556287957316E-02 a       710     0    29     1    10
  4.3993465062104598E-01 a       711     0    29     1    11
  2.4314137452025111E-01 a       712     0    29     1    12
 -3.4637085303359566E-01 a       713     0    29     1    13
 -6.9903381170398637E-01 a       714     0    29     1    14
 -2.6976793847790298E-01 a       715     0    29     1    15
  5.5639368436613557E-01 a       716     0    29     1    16
  6.2017985800167874E-01 a       717     0    29     1    17
  1.0680668456026338E-01 a       718     0    29     1    18
  7.9832655203143932E-01 a       719     0    29     1    19
  2.1894548237848688E-01 a       720     0    29     1    20
 -3.8049356686115549E-01 a       721     0    29     1    21
 -9.8417582675774315E-02 a       722     0    29     1    22
  2.1363428794199626E-01 a       723     0    29     1    23
  4.8668756952502257E-01 a       724     0    29     1    24
  2.0409342198426364E-01 a       725     0    29     1    25
  8.3692383250222668E-01 a       726     0    30     1     1
  1.4885042593300368E-01 a       727     0    30     1     2
 -6.7710080643261850E-01 a       728     0    30     1     3
 -9.5783184178284209E-01 a       729     0    30     1     4
  6.2358974973294301E-01 a       730     0    30     1     5
  1.7972278297639938E-02 a       731     0    30     1     6
 -7.4065421813644436E-02 a       732     0    30     1     7
 -4.1557051685922726E-02 a       733     0    30     1     8
  3.6411098175077461E-01 a       734     0    30     1     9
  8.6134331180153817E-02 a       735     0    30     1    10
  4.3752692208704376E-02 a       736     0    30     1    11
  2.0195299069281802E-02 a       737     0    30     1    12
 -6.6469363477601739E-01 a       738     0    30     1    13
  6.5984674127444642E-01 a       739     0    30     1    14
  1.1053137989212007E+00 a       740     0    30     1    15
  3.4580274868817082E-02 a       741     0    30     1    16
 -7.3789830775835008E-02 a       742     0    30     1    17
 -6.4192490346368791E-01 a       743     0    30     1    18
 -4.8525383910958070E-01 a       744     0    30     1    19
 -1.4252173707280927E-01 a       745     0    30     1    20
  4.8350989492747709E-01 a       746     0    30     1    21
 -3.3281795497205273E-02 a       747     0    30     1    22
  6.4519469437468369E-01 a       748     0    30     1    23
  7.6281207864558842E-01 a       749     0    30     1    24
  7.1855836655067465E-02 a       750     0    30     1    25
 -5.8123638014587886E-01 a       751     0    31     1     1
 -7.0084986727685117E-01 a       752     0    31     1     2
  1.8947593651677661E-01 a       753     0    31     1     3
  3.0004867894760640E-01 a       754     0    31     1     4
 -1.7014075000200876E-01 a       755     0    31     1     5
 -3.7222009279521295E-01 a       756     0    31     1     6
 -1.6939951059114994E-01 a       757     0    31     1     7
  4.1528481740787349E-01 a       758     0    31     1     8
 -6.6717654010006955E-01 a       759     0    31     1     9
  4.7426456514155096E-01 a       760     0    31     1    10
  1.9743613262219194E-02 a       761     0    31     1    11
 -1.9240771124411213E-01 a       762     0    31     1    12
  1.5954661637063514E-01 a       763     0    31     1    13
  1.3877579337920959E-01 a       764     0    31     1    14
 -1.2237583974485218E+00 a       765     0    31     1    15
  4.8701274260925081E-01 a       766     0    31     1    16
 -1.9320187361866900E-01 a       767     0    31     1    17
  3.6569084994303996E-01 a       768     0    31     1    18
  2.7928400120362133E-02 a       769     0    31     1    19
  8.1708648483873969E-01 a       770     0    31     1    20
 -9.1130814465249432E-01 a       771     0    31     1    21
  6.8117077120960989E-02 a       772     0    31     1    22
  6.0766614375843901E-02 a       773     0    31     1    23
  2.0472119765107769E-01 a       774     0    31     1    24
  1.4193023951726400E-01 a       775     0    31     1    25
  2.5534346366670430E-02 b       776     1     1
 -4.9405169459022147E-01 b       777     1     2
 -9.5547192105802398E-02 b       778     1     3
  2.2114037007281212E-01 b       779     1     4
  4.1926927791829360E-01 b       780     1     5
  1.8198626027233306E-01 b       781     1     6
  1.5015634892608709E-01 b       782     1     7
  3.7316612256644471E-01 b       783     1     8
  8.2202993168526955E-03 b       784     1     9
 -1.3653364384931929E-01 b       785     1    10
  4.2991136869478347E-01 b       786     1    11
  4.8515426807839372E-02 b       787     1    12
  3.1616175869283608E-01 b       788     1    13
  1.7103789968473676E-01 b       789     1    14
 -3.6391094497312176E-01 b       790     1    15
 -2.8061018593244663E-01 b       791     1    16
  3.0585266408540474E-01 b       792     1    17
  1.5895472824750492E-01 b       793     1    18
  1.1098478007023206E-01 b       794     1    19
 -3.0610236497388055E-01 b       795     1    20
  4.0954654039949245E-01 b       796     1    21
 -3.5295812377680996E-01 b       797     1    22
  9.6289044892891848E-02 b       798     1    23
  5.8866382695838673E-02 b       799     1    24
 -4.7060093665171532E-01 b       800     1    25
  5.2172315776931466E-01 a       801     1     1     2     1
  6.9030557972736703E-02 a       802     1     1     2     2
 -2.1026506181865889E-01 a       803     1     1     2     3
 -4.6682326537202445E-01 a       804     1     1     2     4
  6.4498716700888803E-02 a       805     1     1     2     5
  7.5410855884437311E-01 a       806     1     1     2     6
  1.9813379291629549E-01 a       807     1     1     2     7
  5.1773422530993085E-01 a       808     1     1     2     8
  9.3195740076948003E-02 a       809     1     1     2     9
 -1.1833498385244746E-01 a       810     1     1     2    10
 -5.0898037672945096E-01 a       811     1     1     2    11
 -4.8737122649352765E-01 a       812     1     1     2    12
  1.5294534736932131E-01 a       813     1     1     2    13
 -2.7260538443006765E-01 a       814     1     1     2    14
  1.1492605770186019E-01 a       815     1     1     2    15
 -4.7046023800097708E-01 a       816     1     1     2    16
  1.5123413920445231E-01 a       817     1     1     2    17
 -5.3096737212220280E-01 a       818     1     1     2    18
 -7.5312112183138324E-01 a       819     1     1     2    19
  3.6548365666958155E-01 a       820     1     1     2    20
  3.6504553810242452E-02 a       821     1     1     2    21
  6.5719467431655598E-01 a       822     1     1     2    22
  5.2404808006892289E-01 a       823     1     1     2    23
 -2.7851431637725105E-01 a       824     1     1     2    24
 -4.7093158055300033E-01 a       825     1     1     2    25
 -2.2971258754027876E-01 a       826     1     2     2     1
 -7.6774835755881787E-01 a       827     1     2     2     2
  3.2684822474868519E-01 a       828     1     2     2     3
 -8.1558109016921843E-02 a       829     1     2     2     4
 -1.5685951513245000E-01 a       830     1     2     2     5
  1.4671948191608270E-02 a       831     1     2     2     6
 -1.2566086304167812E+00 a       832     1     2     2     7
 -6.0948262774030915E-01 a       833     1     2     2     8
  5.8324096432827111E-01 a       834     1     2     2     9
  1.5963487609300286E-01 a       835     1     2     2    10
  8.5907544301819128E-01 a       836     1     2     2    11
  3.1557813733796924E-01 a       837     1     2     2    12
  7.9554969643901574E-01 a       838     1     2     2    13
  4.1543828844038672E-01 a       839     1     2     2    14
  2.4882198097898725E-02 a       840     1     2     2    15
  1.3456930173511392E-01 a       841     1     2     2    16
 -3.5903646236735792E-01 a       842     1     2     2    17
 -1.2152078055601687E-01 a       843     1     2     2    18
  8.1410115231578006E-01 a       844     1     2     2    19
 -2.2527146113032653E-01 a       845     1     2     2    20
  4.7364249436644881E-03 a       846     1     2     2    21
  2.6755524136459369E-01 a       847     1     2     2    22
 -2.5262557592396950E-01 a       848     1     2     2    23
  6.8982309502364364E-02 a       849     1     2     2    24
  5.6450340973933713E-02 a       850     1     2     2    25
 -6.6789129292727692E-02 a       851     1     3     2     1
 -1.8868378752651790E-01 a       852     1     3     2     2
 -1.2248047027837512E-01 a       853     1     3     2     3
 -9.3072584620922338E-01 a       854     1     3     2     4
 -1.1062841171149769E+00 a       855     1     3     2     5
 -5.0649814963343787E-01 a       856     1     3     2     6
 -1.3104175904913831E-01 a       857     1     3     2     7
  3.5980558906026949E-01 a       858     1     3     2     8
  5.7318976546056402E-02 a       859     1     3     2     9
 -3.6058363741502834E-02 a       860     1     3     2    10
  2.1291583246485052E-01 a       861     1     3     2    11
 -2.6897180074066548E-02 a       862     1     3     2    12
  3.3816513956539684E-01 a       863     1     3     2    13
 -1.8420199925869932E-01 a       864     1     3     2    14
  4.6058307345815799E-02 a       865     1     3     2    15
 -3.5510534955045875E-01 a       866     1     3     2    16
  8.7066072438128594E-01 a       867     1     3     2    17
 -1.7185628789239824E-02 a       868     1     3     2    18
  7.4181581863375801E-03 a       869     1     3     2    19
 -9.4029472856923618E-02 a       870     1     3     2    20
 -2.8213564108053002E-01 a       871     1     3     2    21
 -3.1457918718300587E-01 a       872     1     3     2    22
 -7.2684561553243319E-03 a       873     1     3     2    23
 -5.0768455089630449E-01 a       874     1     3     2    24
  3.9752767322035770E-01 a       875     1     3     2    25
 -8.4427860189979526E-02 a       876     1     4     2     1
  6.9198018072473300E-01 a       877     1     4     2     2
 -4.0707466184017294E-01 a       878     1     4     2     3
  4.1917798539960144E-01 a       879     1     4     2     4
  3.3951725838311651E-02 a       880     1     4     2     5
  2.6809128022063283E-01 a       881     1     4     2     6
  4.3436009328847913E-01 a       882     1     4     2     7
 -4.3638784833618310E-01 a       883     1     4     2     8
  3.1993377429251915E-02 a       884     1     4     2     9
  1.1647851114016919E-01 a       885     1     4     2    10
  3.7086110315774795E-01 a       886     1     4     2    11
 -2.8931720370558034E-01 a       887     1     4     2    12
 -9.1579670015710546E-02 a       888     1     4     2    13
  1.8657352104851377E-01 a       889     1     4     2    14
 -1.2821060991760228E-01 a       890     1     4     2    15
 -3.4281335455784642E-02 a       891     1     4     2    16
 -2.1879240210776593E-01 a       892     1     4     2    17
 -3.8762913414161709E-01 a       893     1     4     2    18
 -5.3170701787299424E-01 a       894     1     4     2    19
  1.1128304621023648E-01 a       895     1     4     2    20
  2.1538349943056745E-01 a       896     1     4     2    21
  3.3485271562054736E-01 a       897     1     4     2    22
  3.2175840076320938E-01 a       898     1     4     2    23
 -2.5911954264219650E-01 a       899     1     4     2    24
 -8.7255120218492743E-02 a       900     1     4     2    25
  1.2795333827715152E-01 a       901     1     5     2     1
  7.5809121028281545E-01 a       902     1     5     2     2
  3.2502040552434319E-01 a       903     1     5     2     3
  1.6104185184241998E-01 a       904     1     5     2     4
  4.0255014797176852E-01 a       905     1     5     2     5
 -1.3552816301942988E-01 a       906     1     5     2     6
 -9.6370154171211586E-02 a       907     1     5     2     7
 -8.8307017097896956E-01 a       908     1     5     2     8
  6.3373636882366885E-02 a       909     1     5     2     9
 -3.0840363311293623E-01 a       910     1     5     2    10
 -1.1283766022995997E-01 a       911     1     5     2    11
 -5.8413465285527655E-01 a       912     1     5     2    12
 -1.5272177077900162E-01 a       913     1     5     2    13
 -5.0244424464285932E-02 a       914     1     5     2    14
 -3.5547908942558948E-01 a       915     1     5     2    15
  1.4027440534148736E-01 a       916     1     5     2    16
 -3.8708813652394730E-01 a       917     1     5     2    17
  4.5651838915259452E-01 a       918     1     5     2    18
  2.5579730136314022E-01 a       919     1     5     2    19
 -3.3561584762430666E-02 a       920     1     5     2    20
 -2.0793111860549912E-01 a       921     1     5     2    21
  5.2208291743821300E-01 a       922     1     5     2    22
  4.2321531174144372E-01 a       923     1     5     2    23
  1.7673007165848439E-01 a       924     1     5     2    24
 -3.5175211049176525E-01 a       925     1     5     2    25
 -3.9419691597836209E-01 a       926     1     6     2     1
 -1.4696239646704337E-01 a       927     1     6     2     2
  3.4152652685899121E-01 a       928     1     6     2     3
 -4.1054097284046870E-01 a       929     1     6     2     4
  4.6065373162697959E-01 a       930     1     6     2     5
 -2.7363010530307330E-01 a       931     1     6     2     6
  2.9809352434093056E-01 a       932     1     6     2     7
  1.2423987265503664E+00 a       933     1     6     2     8
  3.0469346954631704E-01 a       934     1     6     2     9
 -4.3452216623176623E-02 a       935     1     6     2    10
  1.0717482558305104E-01 a       936     1     6     2    11
 -1.0873146208825802E-03 a       937     1     6     2    12
  5.7092589133439864E-01 a       938     1     6     2    13
  2.6714028071635937E-01 a       939     1     6     2    14
 -3.2506334859063474E-01 a       940     1     6     2    15
  3.7387282030896953E-02 a       941     1     6     2    16
  1.2053611330353438E-01 a       942     1     6     2    17
  2.6380360026590355E-01 a       943     1     6     2    18
  9.0799941125388572E-01 a       944     1     6     2    19
 -4.5267192175282334E-01 a       945     1     6     2    20
  6.2828466495446000E-01 a       946     1     6     2    21
 -3.0263563682106148E-01 a       947     1     6     2    22
 -1.2163396065906022E-01 a       948     1     6     2    23
 -4.2116632023353023E-01 a       949     1     6     2    24
  5.7404183483080029E-01 a       950     1     6     2    25
  2.0937856073927749E-01 a       951     1     7     2     1
  4.1443514202992005E-01 a       952     1     7     2     2
  6.1782847859875166E-02 a       953     1     7     2     3
 -8.9159561069180948E-01 a       954     1     7     2     4
 -8.0641222525354062E-01 a       955     1     7     2     5
 -1.5126124234640237E-01 a       956     1     7     2     6
 -2.2181228186864227E-01 a       957     1     7     2     7
  8.9075219488954721E-02 a       958     1     7     2     8
  1.2601181064843303E-01 a       959     1     7     2     9
 -6.8949295077544062E-02 a       960     1     7     2    10
 -2.2953138481098742E-01 a       961     1     7     2    11
 -5.0538829660467265E-02 a       962     1     7     2    12
  2.7662770981078511E-01 a       963     1     7     2    13
 -3.9736986605445962E-01 a       964     1     7     2    14
 -3.6446953286607447E-01 a       965     1     7     2    15
  2.2794085796979904E-01 a       966     1     7     2    16
  8.7703017922558787E-02 a       967     1     7     2    17
  4.8102195350814292E-01 a       968     1     7     2    18
  7.3406476195700510E-01 a       969     1     7     2    19
 -3.1504129075209036E-01 a       970     1     7     2    20
 -2.0151181074844676E-02 a       971     1     7     2    21
  2.1108156322131361E-01 a       972     1     7     2    22
 -1.3895106914004654E-01 a       973     1     7     2    23
  5.8185623902183965E-02 a       974     1     7     2    24
  2.4699346479447651E-01 a       975     1     7     2    25
 -1.2636487936687404E+00 a       976     1     8     2     1
 -3.4111805247153149E-01 a       977     1     8     2     2
 -7.6961843252737483E-04 a       978     1     8     2     3
 -4.6256485026109956E-01 a       979     1     8     2     4
 -1.2745060202697036E+00 a       980     1     8     2     5
 -5.9924344976228172E-01 a       981     1     8     2     6
 -5.1500672549471582E-01 a       982     1     8     2     7
  1.2406873108526015E+00 a       983     1     8     2     8
  1.7626320296728198E-01 a       984     1     8     2     9
  8.1461216294291505E-01 a       985     1     8     2    10
 -3.5592358746876784E-01 a       986     1     8     2    11
  7.4394626177755263E-01 a       987     1     8     2    12
 -7.8468507653685926E-01 a       988     1     8     2    13
 -2.2434941371251241E-01 a       989     1     8     2    14
  4.9055358855514852E-01 a       990     1     8     2    15
  3.0151702112840850E-01 a       991     1     8     2    16
 -3.3707823787978847E-02 a       992     1     8     2    17
 -5.1942159072716565E-01 a       993     1     8     2    18
 -4.8178499402808145E-01 a       994     1     8     2    19
 -2.4043117297565900E-01 a       995     1     8     2    20
  1.2116653725089324E+00 a       996     1     8     2    21
 -5.7212668442844372E-01 a       997     1     8     2    22
 -7.0533738067900398E-01 a       998     1     8     2    23
 -5.6611376602631214E-02 a       999     1     8     2    24
  1.1688760045197368E-02 a      1000     1     8     2    25
 -3.0601368584406369E-01 a      1001     1     9     2     1
 -3.1479435673555106E-01 a      1002     1     9     2     2
 -2.0050236773102526E-01 a      1003     1     9     2     3
  2.3233746330438951E-01 a      1004     1     9     2     4
 -1.0058747321742091E-01 a      1005     1     9     2     5
  5.7182087336793155E-02 a      1006     1     9     2     6
  2.6842893972262211E-01 a      1007     1     9     2     7
  2.1976070073114334E-01 a      1008     1     9     2     8
 -1.0408415804857735E-02 a      1009     1     9     2     9
  4.6752629533652962E-01 a      1010     1     9     2    10
  1.6843366503331750E-01 a      1011     1     9     2    11
  5.5598271106041008E-01 a      1012     1     9     2    12
 -2.4671037320370010E-01 a      1013     1     9     2    13
 -3.1336402615021540E-02 a      1014     1     9     2    14
  8.8252763510568891E-02 a      1015     1     9     2    15
  1.3347768062819190E-01 a      1016     1     9     2    16
  1.1079408043532685E-01 a      1017     1     9     2    17
 -2.7912120363221071E-01 a      1018     1     9     2    18
 -3.4100185973699260E-01 a      1019     1     9     2    19
 -3.1816752419829746E-03 a      1020     1     9     2    20
  4.7621766325050474E-01 a      1021     1     9     2    21
 -7.5739938004574203E-01 a      1022     1     9     2    22
 -6.0378360432659473E-01 a      1023     1     9     2    23
  1.8016469665086913E-03 a      1024     1     9     2    24
 -6.7676967021839275E-03 a      1025     1     9     2    25
 -1.5113368312812492E-01 a      1026     1    10     2     1
 -2.2799842901315093E-01 a      1027     1    10     2     2
 -3.0193459203044987E-01 a      1028     1    10     2     3
  1.7770864983054371E-02 a      1029     1    10     2     4
  3.4059592530390548E-01 a      1030     1    10     2     5
  1.0208966000450192E-02 a      1031     1    10     2     6
  3.7861140316504494E-01 a      1032     1    10     2     7
  4.6792082901938603E-01 a      1033     1    10     2     8
  2.5030425447732835E-01 a      1034     1    10     2     9
  6.4268532774707329E-02 a      1035     1    10     2    10
  2.6138248771867706E-01 a      1036     1    10     2    11
  5.7979806978425785E-01 a      1037     1    10     2    12
 -3.9131608389074191E-01 a      1038     1    10     2    13
  7.4966453199710759E-01 a      1039     1    10     2    14
  3.0427452312759745E-01 a      1040     1    10     2    15
 -5.4804600584274021E-01 a      1041     1    10     2    16
 -5.5463020224505510E-01 a      1042     1    10     2    17
  2.9983526512288866E-01 a      1043     1    10     2    18
 -3.3925938793174520E-01 a      1044     1    10     2    19
  2.2022617231645006E-01 a      1045     1    10     2    20
  1.8834847348456524E-01 a      1046     1    10     2    21
 -5.8038918791583471E-01 a      1047     1    10     2    22
  5.0768285663754707E-02 a      1048     1    10     2    23
 -2.0188829396373884E-01 a      1049     1    10     2    24
 -1.3443208807639792E-01 a      1050     1    10     2    25
 -1.1335467073364397E-01 a      1051     1    11     2     1
  2.7876878488458867E-01 a      1052     1    11     2     2
 -1.0096716361537779E-01 a      1053     1    11     2     3
  1.0079568204416685E+00 a      1054     1    11     2     4
 -5.7435513633333390E-01 a      1055     1    11     2     5
  2.7226060752476574E-02 a      1056     1    11     2     6
 -4.5270523717934952E-01 a      1057     1    11     2     7
 -3.3164271827507447E-01 a      1058     1    11     2     8
 -9.6354127204796003E-01 a      1059     1    11     2     9
  2.1591902418675626E-01 a      1060     1    11     2    10
  3.5254551232868325E-01 a      1061     1    11     2    11
  1.3650553127361818E-02 a      1062     1    11     2    12
 -2.5660484207823686E-01 a      1063     1    11     2    13
  4.7503700366011309E-01 a      1064     1    11     2    14
 -8.4645780551005204E-02 a      1065     1    11     2    15
 -2.2217737843241020E-01 a      1066     1    11     2    16
 -1.5999731302694406E-01 a      1067     1    11     2    17
 -3.0038247340371144E-01 a      1068     1    11     2    18
 -6.0781460116295682E-01 a      1069     1    11     2    19
  2.6887557220665259E-01 a      1070     1    11     2    20
 -1.9803672527272098E-01 a      1071     1    11     2    21
 -1.0368986872130806E-01 a      1072     1    11     2    22
  6.6249558051086488E-01 a      1073     1    11     2    23
 -3.2871939027888325E-01 a      1074     1    11     2    24
  1.8271035447482073E-01 a      1075     1    11     2    25
  5.3688075364964727E-01 a      1076     1    12     2     1
  1.2462062717231026E-01 a      1077     1    12     2     2
  6.4058114239666106E-02 a      1078     1    12     2     3
  5.6753293449525011E-01 a      1079     1    12     2     4
  9.1000477007335201E-01 a      1080     1    12     2     5
  3.0342073642156225E-01 a      1081     1    12     2     6
  3.7018341563526591E-01 a      1082     1    12     2     7
 -4.0163768222525026E-01 a      1083     1    12     2     8
 -3.6977192526768365E-01 a      1084     1    12     2     9
 -1.6106839431171402E-01 a      1085     1    12     2    10
  6.7102455585270615E-01 a      1086     1    12     2    11
 -3.3970521620426342E-01 a      1087     1    12     2    12
 -1.9397498526703940E-02 a      1088     1    12     2    13
 -2.0013041601304565E-01 a      1089     1    12     2    14
 -5.1734177712248183E-02 a      1090     1    12     2    15
  1.8626353866036563E-01 a      1091     1    12     2    16
 -5.2122887288676173E-02 a      1092     1    12     2    17
 -2.2396125845422815E-01 a      1093     1    12     2    18
 -1.5832585358185322E-01 a      1094     1    12     2    19
 -4.3394235395208978E-03 a      1095     1    12     2    20
 -6.7213624141588185E-02 a      1096     1    12     2    21
  4.2920160846477734E-01 a      1097     1    12     2    22
  6.2229950163026981E-01 a      1098     1    12     2    23
  1.0022661812703268E-02 a      1099     1    12     2    24
 -2.4735819734633849E-02 a      1100     1    12     2    25
 -4.0313210940344668E-01 a      1101     1    13     2     1
  1.5397297690069603E-01 a      1102     1    13     2     2
 -4.2760081514086473E-01 a      1103     1    13     2     3
 -1.7338281439517150E-01 a      1104     1    13     2     4
 -1.9426221308353375E-01 a      1105     1    13     2     5
  2.9449806215259616E-01 a      1106     1    13     2     6
 -3.9063784490312642E-01 a      1107     1    13     2     7
 -2.4801963349695491E-01 a      1108     1    13     2     8
 -5.7918673941154108E-01 a      1109     1    13     2     9
  2.6433412243939941E-01 a      1110     1    13     2    10
 -1.8890141163127033E-01 a      1111     1    13     2    11
 -1.5338633060666271E-02 a      1112     1    13     2    12
  1.8733385825464629E-02 a      1113     1    13     2    13
 -8.8873443378463424E-02 a      1114     1    13     2    14
 -2.5762676749618257E-01 a      1115     1    13     2    15
  4.9198393485542274E-01 a      1116     1    13     2    16
  2.4002574969821722E-01 a      1117     1    13     2    17
 -4.1272375021837054E-01 a      1118     1    13     2    18
 -1.1615548777136590E-01 a      1119     1    13     2    19
  2.3532536062986445E-01 a      1120     1    13     2    20
  3.8371195543727959E-01 a      1121     1    13     2    21
  6.1549360944942642E-02 a      1122     1    13     2    22
  6.7378351930380193E-02 a      1123     1    13     2    23
  2.9919691252478092E-01 a      1124     1    13     2    24
 -2.3326985255788121E-02 a      1125     1    13     2    25
  5.9857084461354557E-02 a      1126     1    14     2     1
  1.7863263679464891E-01 a      1127     1    14     2     2
 -5.4923317180890253E-02 a      1128     1    14     2     3
 -7.5391291661049897E-01 a      1129     1    14     2     4
 -2.1588332404329464E-02 a      1130     1    14     2     5
  3.3753184739508624E-01 a      1131     1    14     2     6
 -2.2432861659906780E-01 a      1132     1    14     2     7
  3.1135275173780103E-01 a      1133     1    14     2     8
  5.2737876459419103E-02 a      1134     1    14     2     9
 -5.0365119387940027E-01 a      1135     1    14     2    10
 -1.2593462993185098E-01 a      1136     1    14     2    11
 -1.2414794847002706E+00 a      1137     1    14     2    12
  8.8778842578243777E-01 a      1138     1    14     2    13
 -9.5982341302869714E-02 a      1139     1    14     2    14
 -5.0381590352280570E-01 a      1140     1    14     2    15
 -1.5875402172182415E-01 a      1141     1    14     2    16
  1.1035143418481574E+00 a      1142     1    14     2    17
 -4.2220946834986750E-01 a      1143     1    14     2    18
  1.1557634013795347E-01 a      1144     1    14     2    19
 -1.5247867797072842E-01 a      1145     1    14     2    20
  2.8289345841551861E-01 a      1146     1    14     2    21
  3.5285169337426803E-01 a      1147     1    14     2    22
  3.1005722335899871E-01 a      1148     1    14     2    23
 -3.7688227852333983E-01 a      1149     1    14     2    24
  2.9427296946374915E-01 a      1150     1    14     2    25
 -2.5286520657064632E-01 a      1151     1    15     2     1
  5.1129814306336296E-01 a      1152     1    15     2     2
 -1.7945314640995669E-01 a      1153     1    15     2     3
 -6.2016326865641369E-01 a      1154     1    15     2     4
 -8.7108311621475853E-01 a      1155     1    15     2     5
 -3.8420355882945406E-01 a      1156     1    15     2     6
 -7.6485168868639886E-01 a      1157     1    15     2     7
 -2.8957935892302494E-01 a      1158     1    15     2     8
  1.0430173863584666E-01 a      1159     1    15     2     9
  3.9759815648498209E-01 a      1160     1    15     2    10
 -4.2506153343188505E-03 a      1161     1    15     2    11
 -7.7493276051245585E-01 a      1162     1    15     2    12
 -4.6397309677096926E-01 a      1163     1    15     2    13
 -3.4265938534169144E-01 a      1164     1    15     2    14
 -6.1831498944182146E-03 a      1165     1    15     2    15
  9.5026680973254573E-03 a      1166     1    15     2    16
  2.8326630352987540E-02 a      1167     1    15     2    17
 -1.5964227291447647E-01 a      1168     1    15     2    18
 -1.5705487546753669E-01 a      1169     1    15     2    19
 -3.1031394315491884E-01 a      1170     1    15     2    20
 -3.2993900429595657E-01 a      1171     1    15     2    21
 -1.2729466086778862E-01 a      1172     1    15     2    22
 -7.0458427634841903E-01 a      1173     1    15     2    23
  2.2013414442111318E-01 a      1174     1    15     2    24
 -2.4820287070389194E-01 a      1175     1    15     2    25
  2.8711646407085245E-01 a      1176     1    16     2     1
 -1.3276491515783778E-01 a      1177     1    16     2     2
 -6.2563722707842406E-01 a      1178     1    16     2     3
 -1.1951675917781510E-01 a      1179     1    16     2     4
  3.2646210857679964E-01 a      1180     1    16     2     5
  2.0734378464090900E-01 a      1181     1    16     2     6
 -8.2631738006255595E-01 a      1182     1    16     2     7
 -7.8274253125205595E-01 a      1183     1    16     2     8
 -3.1342333789553273E-01 a      1184     1    16     2     9
  5.9208320662379535E-02 a      1185     1    16     2    10
 -8.7053284726796784E-03 a      1186     1    16     2    11
 -2.3554945961503743E-01 a      1187     1    16     2    12
  4.7751937340906395E-02 a      1188     1    16     2    13
 -2.1073797151109733E-01 a      1189     1    16     2    14
 -2.3422905105735170E-01 a      1190     1    16     2    15
  3.8830466287631843E-01 a      1191     1    16     2    16
  3.1526176822018616E-02 a      1192     1    16     2    17
 -6.0050599313365913E-02 a      1193     1    16     2    18
 -8.4749607490858261E-02 a      1194     1    16     2    19
  1.3019456525990869E-01 a      1195     1    16     2    20
 -2.7774028856170851E-01 a      1196     1    16     2    21
  2.1475694875847678E-01 a      1197     1    16     2    22
  8.5930275790547614E-02 a      1198     1    16     2    23
  4.9680722136610983E-01 a      1199     1    16     2    24
 -1.9376765208081903E-01 a      1200     1    16     2    25
 -4.5886632733358396E-01 a      1201     1    17     2     1
 -2.7594057227650109E-01 a      1202     1    17     2     2
 -1.9684002699411815E-01 a      1203     1    17     2     3
  8.1706240351230119E-01 a      1204     1    17     2     4
  1.7263341175432353E-01 a      1205     1    17     2     5
 -1.2751315520173254E-01 a      1206     1    17     2     6
 -1.3999905092086257E-02 a      1207     1    17     2     7
  9.9525001776174724E-02 a      1208     1    17     2     8
 -4.3691219445128598E-01 a      1209     1    17     2     9
 -1.5053586910578273E-02 a      1210     1    17     2    10
 -6.8808051308920670E-01 a      1211     1    17     2    11
  3.5207042537167516E-01 a      1212     1    17     2    12
 -3.0899050216638424E-01 a      1213     1    17     2    13
  3.1455109436493117E-01 a      1214     1    17     2    14
 -6.9763321686980573E-02 a      1215     1    17     2    15
 -1.4412826502974088E-01 a      1216     1    17     2    16
 -1.5481598256521503E-01 a      1217     1    17     2    17
 -5.7666209926423625E-03 a      1218     1    17     2    18
 -1.3988090305406567E-01 a      1219     1    17     2    19
  1.9599853685225675E-02 a      1220     1    17     2    20
  2.0814808888358116E-01 a      1221     1    17     2    21
 -2.1284551232759163E-01 a      1222     1    17     2    22
  1.4910255623765320E-01 a      1223     1    17     2    23
 -3.4087539972072672E-02 a      1224     1    17     2    24
 -3.0991310606250558E-02 a      1225     1    17     2    25
 -3.0304513900421143E-01 a      1226     1    18     2     1
  6.7334976566962912E-02 a      1227     1    18     2     2
  4.0741583037322865E-02 a      1228     1    18     2     3
  3.4059489456517372E-01 a      1229     1    18     2     4
 -2.7103650686844399E-01 a      1230     1    18     2     5
 -1.8780096969047322E-01 a      1231     1    18     2     6
 -4.1297854177282722E-01 a      1232     1    18     2     7
 -2.9778136651367398E-01 a      1233     1    18     2     8
  2.9539179696356116E-01 a      1234     1    18     2     9
 -2.5175793669746194E-02 a      1235     1    18     2    10
 -6.4255768509971967E-01 a      1236     1    18     2    11
  4.5114453146487216E-01 a      1237     1    18     2    12
 -3.8709222109476438E-01 a      1238     1    18     2    13
 -6.3072633983340579E-02 a      1239     1    18     2    14
  3.5864044347739060E-01 a      1240     1    18     2    15
 -1.1609084357108586E-01 a      1241     1    18     2    16
 -4.7439198955807926E-01 a      1242     1    18     2    17
  1.2530198807287623E-02 a      1243     1    18     2    18
 -5.1150233457468330E-01 a      1244     1    18     2    19
  2.2132672057641692E-01 a      1245     1    18     2    20
 -2.4312084956732843E-01 a      1246     1    18     2    21
  3.2483125122046957E-02 a      1247     1    18     2    22
 -1.4911134783121080E-01 a      1248     1    18     2    23
  3.9655019882523845E-01 a      1249     1    18     2    24
 -6.3334564450763375E-01 a      1250     1    18     2    25
  3.4700491799026872E-01 a      1251     1    19     2     1
  8.7412476289058916E-01 a      1252     1    19     2     2
  8.3650008903450435E-01 a      1253     1    19     2     3
 -4.3912494714037964E-01 a      1254     1    19     2     4
  3.0241744865556147E-01 a      1255     1    19     2     5
  6.3916175390540231E-01 a      1256     1    19     2     6
  1.7990487041371062E-01 a      1257     1    19     2     7
  8.8725949926713632E-01 a      1258     1    19     2     8
  2.5641987570780000E-01 a      1259     1    19     2     9
 -4.8296240039023175E-01 a      1260     1    19     2    10
 -7.2203552319552256E-01 a      1261     1    19     2    11
 -1.0409628190751679E+00 a      1262     1    19     2    12
 -2.7132871193427732E-01 a      1263     1    19     2    13
 -4.9325081699798795E-01 a      1264     1    19     2    14
 -3.0253698930539941E-01 a      1265     1    19     2    15
  1.9591009260913483E-01 a      1266     1    19     2    16
 -3.4303149604348682E-01 a      1267     1    19     2    17
 -2.6340641686214200E-01 a      1268     1    19     2    18
  5.0433047519532126E-01 a      1269     1    19     2    19
 -2.6479758132206110E-01 a      1270     1    19     2    20
  8.4286305783160442E-01 a      1271     1    19     2    21
  1.1752009109425263E+00 a      1272     1    19     2    22
  6.0896767681063302E-01 a      1273     1    19     2    23
 -1.7304147125046157E-01 a      1274     1    19     2    24
 -1.4849033732115727E-01 a      1275     1    19     2    25
  5.4326843419426107E-01 a      1276     1    20     2     1
  4.8667883525516897E-01 a      1277     1    20     2     2
  1.0302901858177947E-01 a      1278     1    20     2     3
 -9.4280516919338042E-01 a      1279     1    20     2     4
 -4.0769726093156200E-01 a      1280     1    20     2     5
  3.0636875534318458E-01 a      1281     1    20     2     6
 -1.1643051268599323E+00 a      1282     1    20     2     7
 -9.1730306888486968E-01 a      1283     1    20     2     8
 -5.5615725657570503E-01 a      1284     1    20     2     9
  5.6384287581175460E-02 a      1285     1    20     2    10
  7.0343246334661014E-01 a      1286     1    20     2    11
 -8.8140921304441877E-01 a      1287     1    20     2    12
  1.8535456862361247E-02 a      1288     1    20     2    13
 -4.6321960747352936E-01 a      1289     1    20     2    14
 -1.3375122941309583E-01 a      1290     1    20     2    15
  5.7583066684256938E-02 a      1291     1    20     2    16
  2.0654220384342489E-01 a      1292     1    20     2    17
 -4.3490807974387269E-01 a      1293     1    20     2    18
  2.7087542278736515E-01 a      1294     1    20     2    19
  2.3116114913930522E-01 a      1295     1    20     2    20
  2.0568678538158205E-01 a      1296     1    20     2    21
  1.0360492740719203E+00 a      1297     1    20     2    22
  7.0715233870560623E-01 a      1298     1    20     2    23
  1.8262839329201380E-01 a      1299     1    20     2    24
 -3.8809374465346630E-01 a      1300     1    20     2    25
  3.0694364677217112E-01 a      1301     1    21     2     1
 -5.1432056564025400E-02 a      1302     1    21     2     2
 -6.5775220524154326E-02 a      1303     1    21     2     3
  3.9799470441893192E-02 a      1304     1    21     2     4
  9.8767421110003428E-01 a      1305     1    21     2     5
  1.0592283604594384E-01 a      1306     1    21     2     6
 -6.0014530128326649E-01 a      1307     1    21     2     7
  2.4542619696595330E-01 a      1308     1    21     2     8
 -3.2978643321689272E-01 a      1309     1    21     2     9
 -1.0569484936910721E-01 a      1310     1    21     2    10
 -4.2317985184653156E-01 a      1311     1    21     2    11
 -1.5717840885507478E-01 a      1312     1    21     2    12
 -4.0908956961864035E-01 a      1313     1    21     2    13
  1.6199803470837375E-02 a      1314     1    21     2    14
  2.4632359542442145E-01 a      1315     1    21     2    15
  3.4564059777672490E-01 a      1316     1    21     2    16
 -1.4591536160870452E-01 a      1317     1    21     2    17
  4.0968147623076517E-02 a      1318     1    21     2    18
 -8.0953193117606226E-01 a      1319     1    21     2    19
  7.4064133099129457E-03 a      1320     1    21     2    20
  6.6428343400926659E-01 a      1321     1    21     2    21
 -1.5850469939282474E-02 a      1322     1    21     2    22
  1.0732069989934526E-01 a      1323     1    21     2    23
  3.7862774663270199E-01 a      1324     1    21     2    24
  3.1200405998442715E-01 a      1325     1    21     2    25
  9.0770858985733660E-01 a      1326     1    22     2     1
  2.1343123763093569E-01 a      1327     1    22     2     2
 -3.5529763425676097E-02 a      1328     1    22     2     3
  5.5571571164581368E-01 a      1329     1    22     2     4
  3.8358203187159823E-01 a      1330     1    22     2     5
  1.6251365514423782E-01 a      1331     1    22     2     6
 -4.3491402503505933E-01 a      1332     1    22     2     7
 -1.4012465531304747E+00 a      1333     1    22     2     8
 -4.1778728421821021E-01 a      1334     1    22     2     9
  3.0230454549178781E-01 a      1335     1    22     2    10
  1.8799713037047983E-01 a      1336     1    22     2    11
 -4.2299001797966285E-01 a      1337     1    22     2    12
  5.2460057669790705E-01 a      1338     1    22     2    13
 -1.7867808352753797E-01 a      1339     1    22     2    14
 -5.7736697157087780E-01 a      1340     1    22     2    15
  8.3620145238793658E-02 a      1341     1    22     2    16
  3.9473652665886638E-01 a      1342     1    22     2    17
 -2.6497411271529303E-01 a      1343     1    22     2    18
  1.4279989274313504E-01 a      1344     1    22     2    19
  2.0111218232795319E-01 a      1345     1    22     2    20
 -1.1774866848934822E+00 a      1346     1    22     2    21
 -2.2363914947441388E-01 a      1347     1    22     2    22
 -7.8206202898488661E-02 a      1348     1    22     2    23
  1.6836675654115740E-01 a      1349     1    22     2    24
  7.1370075563330171E-01 a      1350     1    22     2    25
 -2.8220038803219399E-01 a      1351     1    23     2     1
 -5.8583488024896069E-01 a      1352     1    23     2     2
 -1.4073125597164116E-01 a      1353     1    23     2     3
  9.2187526985509416E-01 a      1354     1    23     2     4
 -7.9523168708315866E-03 a      1355     1    23     2     5
 -1.1243050576675294E-02 a      1356     1    23     2     6
  1.9823097860759650E-01 a      1357     1    23     2     7
  4.7988251112801872E-01 a      1358     1    23     2     8
  1.5751813590679103E-01 a      1359     1    23     2     9
  1.0322115885507181E-01 a      1360     1    23     2    10
  2.4404235544329839E-01 a      1361     1    23     2    11
 -6.5561403355622758E-02 a      1362     1    23     2    12
  2.4946828326226636E-01 a      1363     1    23     2    13
 -2.2270103726299850E-01 a      1364     1    23     2    14
  1.2972035282048883E-01 a      1365     1    23     2    15
  2.6089221889127306E-01 a      1366     1    23     2    16
 -2.3517020906463523E-01 a      1367     1    23     2    17
 -1.1513439488676577E-01 a      1368     1    23     2    18
 -5.5804801872034893E-01 a      1369     1    23     2    19
  1.9950552147782377E-01 a      1370     1    23     2    20
  3.7364107421549375E-01 a      1371     1    23     2    21
 -2.6348942791592755E-01 a      1372     1    23     2    22
 -2.4149730555097778E-02 a      1373     1    23     2    23
  5.1545280919031902E-03 a      1374     1    23     2    24
  1.2883155193450235E-01 a      1375     1    23     2    25
 -6.5910824941458224E-01 a      1376     1    24     2     1
  5.0825188234135044E-01 a      1377     1    24     2     2
  2.9142480183935304E-01 a      1378     1    24     2     3
  5.6761874348896890E-01 a      1379     1    24     2     4
  3.1363805983749476E-01 a      1380     1    24     2     5
 -1.0376769876774997E-01 a      1381     1    24     2     6
  4.6284618113582715E-01 a      1382     1    24     2     7
 -1.2087702867327547E-01 a      1383     1    24     2     8
  2.1948161106928574E-01 a      1384     1    24     2     9
 -1.2018667608010050E-01 a      1385     1    24     2    10
  4.2909195244417532E-02 a      1386     1    24     2    11
 -3.7464217335912097E-03 a      1387     1    24     2    12
 -2.3284566149057356E-01 a      1388     1    24     2    13
  3.0548487299379407E-01 a      1389     1    24     2    14
  2.2400995950596159E-01 a      1390     1    24     2    15
 -6.4197344414830382E-02 a      1391     1    24     2    16
 -2.6608990196645599E-01 a      1392     1    24     2    17
 -1.0293467787285442E-01 a      1393     1    24     2    18
 -3.5537312299207879E-01 a      1394     1    24     2    19
  1.0851594530393444E-01 a      1395     1    24     2    20
  1.3784284166869920E-01 a      1396     1    24     2    21
 -3.1107712312822938E-01 a      1397     1    24     2    22
 -1.2769864599309669E-01 a      1398     1    24     2    23
 -1.3613853881382257E-01 a      1399     1    24     2    24
  8.0011058332078971E-02 a      1400     1    24     2    25
  8.2025091246655235E-01 a      1401     1    25     2     1
 -2.7034647283236218E-01 a      1402     1    25     2     2
  1.8163530663147356E-01 a      1403     1    25     2     3
  4.7536284780880406E-01 a      1404     1    25     2     4
 -5.7199668113271429E-01 a      1405     1    25     2     5
 -7.2818010057987637E-01 a      1406     1    25     2     6
 -1.4108093102594152E-02 a      1407     1    25     2     7
  4.7326515436314992E-01 a      1408     1    25     2     8
 -6.6256444550173854E-01 a      1409     1    25     2     9
 -2.2049303381134547E-01 a      1410     1    25     2    10
 -2.2197750484213488E-01 a      1411     1    25     2    11
  4.7192255044233405E-01 a      1412     1    25     2    12
  7.2948860758297887E-02 a      1413     1    25     2    13
 -3.6435018051203094E-01 a      1414     1    25     2    14
 -3.8826258087813664E-01 a      1415     1    25     2    15
  3.9704592172128905E-01 a      1416     1    25     2    16
  3.9269864625637835E-01 a      1417     1    25     2    17
  6.7118572106938656E-01 a      1418     1    25     2    18
  4.6378729117071860E-01 a      1419     1    25     2    19
 -3.4140361097814131E-01 a      1420     1    25     2    20
  3.0281110171189973E-01 a      1421     1    25     2    21
 -1.3389485015370719E+00 a      1422     1    25     2    22
 -8.1518621978808992E-01 a      1423     1    25     2    23
  7.7109249092931598E-01 a      1424     1    25     2    24
  1.4341877399078553E+00 a      1425     1    25     2    25
  1.2175326332048206E+00 b      1426     2     1
 -2.1945949371191511E+00 b      1427     2     2
 -1.2445801831300769E+00 b      1428     2     3
 -5.0436832581508539E-01 b      1429     2     4
 -1.7980658929866999E-01 b      1430     2     5
 -7.1245900483021318E-01 b      1431     2     6
 -2.8977357093531991E-01 b      1432     2     7
 -7.0873498418404635E-01 b      1433     2     8
 -1.1110306400778482E-01 b      1434     2     9
 -2.5784174932228948E-01 b      1435     2    10
  7.2595097995094393E-01 b      1436     2    11
 -3.3123541204104018E-01 b      1437     2    12
  7.6938436872051041E-01 b      1438     2    13
 -4.1180899127689269E-01 b      1439     2    14
  4.4970951448844143E-01 b      1440     2    15
 -8.0387336713002411E-02 b      1441     2    16
  2.4775114489049246E-01 b      1442     2    17
  1.4861215833244207E-01 b      1443     2    18
  1.2204227262144509E+00 b      1444     2    19
  6.3065388864506178E-01 b      1445     2    20
  7.3956546061020156E-01 b      1446     2    21
 -7.9775346432427408E-01 b      1447     2    22
 -5.5090059721430817E-01 b      1448     2    23
  2.7234541962015707E-01 b      1449     2    24
  6.2478581555256119E-01 b      1450     2    25
 -8.8147788508127789E-01 a      1451     2     1     3     1
  7.7096250282823064E-01 a      1452     2     2     3     1
  7.9688466407131242E-01 a      1453     2     3     3     1
  2.5238314474851448E-01 a      1454     2     4     3     1
  1.5365929188063848E-01 a      1455     2     5     3     1
  9.8970330763464287E-01 a      1456     2     6     3     1
 -2.3343199773207318E-01 a      1457     2     7     3     1
  2.8092898337250805E-01 a      1458     2     8     3     1
  6.5170579228242398E-01 a      1459     2     9     3     1
  1.0853091436247115E+00 a      1460     2    10     3     1
  3.9938148931978734E-01 a      1461     2    11     3     1
  2.9992880236742719E-01 a      1462     2    12     3     1
 -4.5414355085321828E-01 a      1463     2    13     3     1
 -6.3788441094859016E-01 a      1464     2    14     3     1
 -1.1458086004984691E+00 a      1465     2    15     3     1
 -9.1407719172420099E-01 a      1466     2    16     3     1
  7.8194411769649619E-01 a      1467     2    17     3     1
  8.4716806646019160E-01 a      1468     2    18     3     1
 -6.2152946093059547E-01 a      1469     2    19     3     1
 -1.2515063523372121E+00 a      1470     2    20     3     1
 -1.9078546093397404E+00 a      1471     2    21     3     1
  9.4739247610650223E-01 a      1472     2    22     3     1
  6.1482087201269409E-01 a      1473     2    23     3     1
  1.0762180332100526E+00 a      1474     2    24     3     1
  4.5873514086154560E-01 a      1475     2    25     3     1
 -3.5598722267433730E-01 b      1476     3     1
