################################################################################
# Neural network connection values (weights and biases).
################################################################################
# Col  Name       Description
################################################################################
# 1    connection Neural network connection value.
# 2    t          Connection type (a = weight, b = bias).
# 3    index      Index enumerating weights.
# 4    l_s        Starting point layer (end point layer for biases).
# 5    n_s        Starting point neuron in starting layer (end point neuron for biases).
# 6    l_e        End point layer.
# 7    n_e        End point neuron in end layer.
################################################################################
#                      1 2         3     4     5     6     7
#             connection t     index   l_s   n_s   l_e   n_e
############################################################
 -9.6332482922848947E-02 a         1     0     1     1     1
  6.4814257395111330E-01 a         2     0     1     1     2
  4.1252354990103240E-01 a         3     0     1     1     3
 -1.5841004892657012E-01 a         4     0     1     1     4
 -2.0409843688015814E-01 a         5     0     1     1     5
  2.3190142726983606E-01 a         6     0     1     1     6
 -4.4124296952599756E-01 a         7     0     1     1     7
 -2.4517796967087396E-01 a         8     0     1     1     8
 -3.1955773313857455E-01 a         9     0     1     1     9
 -2.4938015033015390E-01 a        10     0     1     1    10
 -7.1327541832436558E-02 a        11     0     1     1    11
  7.5670586887903646E-01 a        12     0     1     1    12
  8.1059465848340495E-01 a        13     0     1     1    13
  4.2983099648646245E-01 a        14     0     1     1    14
 -1.3576382563631614E-01 a        15     0     1     1    15
 -7.1858599956456137E-01 a        16     0     1     1    16
  6.0438821543199439E-01 a        17     0     1     1    17
  5.4620326946899811E-01 a        18     0     1     1    18
 -6.6365979155999777E-01 a        19     0     1     1    19
 -3.2192408171594467E-01 a        20     0     1     1    20
  3.1514309773684340E-01 a        21     0     1     1    21
 -4.4566867273816696E-01 a        22     0     1     1    22
 -2.5453766183871146E-01 a        23     0     1     1    23
  7.6221103498856235E-01 a        24     0     1     1    24
 -1.9967919912804771E-01 a        25     0     1     1    25
 -5.7163504830760437E-01 a        26     0     2     1     1
 -3.2091393414037739E-01 a        27     0     2     1     2
  2.6187969796445970E-01 a        28     0     2     1     3
  4.6342788465781964E-01 a        29     0     2     1     4
  1.0350689410553950E-01 a        30     0     2     1     5
  1.9130181967671061E-03 a        31     0     2     1     6
  1.0535165819292928E-01 a        32     0     2     1     7
  2.4368417666376430E-02 a        33     0     2     1     8
  6.8721857402202144E-02 a        34     0     2     1     9
  2.8477818808847862E-02 a        35     0     2     1    10
  3.2764697773359397E-01 a        36     0     2     1    11
 -1.0089473166083958E-01 a        37     0     2     1    12
 -9.3777352222870525E-01 a        38     0     2     1    13
 -6.4470543199314601E-01 a        39     0     2     1    14
 -1.1925005514086266E-01 a        40     0     2     1    15
  1.6112401427721439E+00 a        41     0     2     1    16
 -5.9426332122356740E-01 a        42     0     2     1    17
 -1.1348157482390973E+00 a        43     0     2     1    18
 -2.0638629189918725E-01 a        44     0     2     1    19
 -2.8904449918281022E-01 a        45     0     2     1    20
  3.5465186466993370E-02 a        46     0     2     1    21
  7.3005219162117566E-02 a        47     0     2     1    22
  3.8613265851173895E-01 a        48     0     2     1    23
 -7.8174774913910672E-01 a        49     0     2     1    24
  3.4984378038843433E-01 a        50     0     2     1    25
  6.7609701162764091E-01 a        51     0     3     1     1
 -1.6715159120771020E-01 a        52     0     3     1     2
 -3.4162121666182976E-01 a        53     0     3     1     3
 -2.9147426302713381E-01 a        54     0     3     1     4
  2.0856253797095106E-01 a        55     0     3     1     5
  7.6570620747662729E-02 a        56     0     3     1     6
  8.1402546118405761E-01 a        57     0     3     1     7
  5.5335515267025293E-01 a        58     0     3     1     8
 -4.0036090082264814E-01 a        59     0     3     1     9
 -7.6699108887132592E-02 a        60     0     3     1    10
 -4.4356261248539564E-01 a        61     0     3     1    11
 -1.2274485232350283E+00 a        62     0     3     1    12
 -1.1989001003573183E+00 a        63     0     3     1    13
  3.4719278514113172E-01 a        64     0     3     1    14
 -1.5011020591567317E-01 a        65     0     3     1    15
  2.9813823224217573E-01 a        66     0     3     1    16
 -3.4616339337039786E-01 a        67     0     3     1    17
 -3.2071623035821639E-01 a        68     0     3     1    18
  1.4820882414006851E+00 a        69     0     3     1    19
  6.0685997111740175E-01 a        70     0     3     1    20
 -1.1035175105819073E+00 a        71     0     3     1    21
  3.1769279476816009E-01 a        72     0     3     1    22
  6.9855452306242538E-01 a        73     0     3     1    23
 -1.0647162762418486E-02 a        74     0     3     1    24
  2.2197617583695933E-01 a        75     0     3     1    25
  1.6477806317707092E-01 a        76     0     4     1     1
 -6.3081965463340250E-01 a        77     0     4     1     2
 -5.9915768024421467E-01 a        78     0     4     1     3
 -5.6025273476450421E-01 a        79     0     4     1     4
 -1.0081316981373224E-01 a        80     0     4     1     5
 -5.2315822632751918E-01 a        81     0     4     1     6
 -2.3349523024992866E-01 a        82     0     4     1     7
  5.7955307888443430E-01 a        83     0     4     1     8
  7.1910341485633811E-01 a        84     0     4     1     9
  6.5428736776737584E-01 a        85     0     4     1    10
  3.3161277707061732E-02 a        86     0     4     1    11
 -4.0375665820983569E-01 a        87     0     4     1    12
  1.3718051966823386E+00 a        88     0     4     1    13
  2.1057819760043249E-02 a        89     0     4     1    14
  5.1876957051707406E-01 a        90     0     4     1    15
 -1.5882978159368053E+00 a        91     0     4     1    16
  6.8045545255027329E-01 a        92     0     4     1    17
  1.7633897436021229E+00 a        93     0     4     1    18
  2.9353913997558723E-01 a        94     0     4     1    19
  1.5376641356693291E-01 a        95     0     4     1    20
  8.2893517235478797E-01 a        96     0     4     1    21
  2.3088445023393103E-01 a        97     0     4     1    22
 -4.4771466900595337E-02 a        98     0     4     1    23
 -3.9942306020723389E-01 a        99     0     4     1    24
 -7.2013717784951137E-01 a       100     0     4     1    25
 -1.1194401262855271E+00 a       101     0     5     1     1
  5.6136553116544985E-01 a       102     0     5     1     2
  2.2409965060973330E-01 a       103     0     5     1     3
  3.0098701513788273E-01 a       104     0     5     1     4
  2.7891739797106203E-02 a       105     0     5     1     5
 -1.0012272553940248E-01 a       106     0     5     1     6
 -9.9578562315883157E-01 a       107     0     5     1     7
 -5.5845723456779062E-01 a       108     0     5     1     8
  5.1273648037152342E-01 a       109     0     5     1     9
  2.4898113028262440E-02 a       110     0     5     1    10
  7.8458281467930646E-01 a       111     0     5     1    11
  7.2566226802959644E-01 a       112     0     5     1    12
  6.3180248377445880E-01 a       113     0     5     1    13
  5.1213202192961722E-02 a       114     0     5     1    14
  2.0188907442430684E-01 a       115     0     5     1    15
 -1.2052764316921989E-01 a       116     0     5     1    16
  3.1761744395364400E-01 a       117     0     5     1    17
 -8.1825490711126070E-01 a       118     0     5     1    18
 -1.4931637897954664E+00 a       119     0     5     1    19
  4.5714373053533786E-01 a       120     0     5     1    20
  2.9911989514632026E-01 a       121     0     5     1    21
 -1.5690486476486096E-01 a       122     0     5     1    22
 -1.2490592165745149E+00 a       123     0     5     1    23
 -2.2013553314637485E-01 a       124     0     5     1    24
 -3.0874417387585396E-01 a       125     0     5     1    25
  7.1118414661439533E-01 a       126     0     6     1     1
  8.0237330178379751E-02 a       127     0     6     1     2
  3.2047705001695204E-01 a       128     0     6     1     3
  6.4964285008820788E-01 a       129     0     6     1     4
  5.5474435017876844E-01 a       130     0     6     1     5
  1.0142770167695847E+00 a       131     0     6     1     6
  4.3267795377855806E-01 a       132     0     6     1     7
 -1.1791430122546347E+00 a       133     0     6     1     8
 -1.1688341949466494E+00 a       134     0     6     1     9
 -4.4930288068845470E-01 a       135     0     6     1    10
  2.1109096961198823E-02 a       136     0     6     1    11
  1.0343279627991362E+00 a       137     0     6     1    12
 -6.7225778836246053E-01 a       138     0     6     1    13
  6.5561218912076591E-01 a       139     0     6     1    14
  1.3866245457408205E-01 a       140     0     6     1    15
  3.4311145498910373E-01 a       141     0     6     1    16
 -1.0226993094271450E+00 a       142     0     6     1    17
 -1.1937198704257814E+00 a       143     0     6     1    18
  6.7111788248256765E-01 a       144     0     6     1    19
 -4.6691186311861761E-02 a       145     0     6     1    20
 -3.4937417807080012E-01 a       146     0     6     1    21
  2.4353342424996863E-01 a       147     0     6     1    22
  7.9656113399534216E-04 a       148     0     6     1    23
  6.3775010846253510E-01 a       149     0     6     1    24
  6.5989676369558614E-01 a       150     0     6     1    25
  4.5426989901041476E-01 a       151     0     7     1     1
 -1.2743735603524906E-01 a       152     0     7     1     2
 -4.0068992509135093E-01 a       153     0     7     1     3
 -2.5640674596267476E-01 a       154     0     7     1     4
 -4.6212542114609767E-01 a       155     0     7     1     5
  3.3606508767443871E-01 a       156     0     7     1     6
  1.4236284966289325E-01 a       157     0     7     1     7
  5.8440057222977571E-01 a       158     0     7     1     8
 -5.0194460490767701E-01 a       159     0     7     1     9
  5.4138762378071102E-02 a       160     0     7     1    10
 -1.3906091307001816E+00 a       161     0     7     1    11
 -2.4321780483128827E-01 a       162     0     7     1    12
 -8.2083202440441691E-02 a       163     0     7     1    13
 -3.9612880676051754E-01 a       164     0     7     1    14
 -7.2704875102661681E-01 a       165     0     7     1    15
 -1.5194882244704080E-02 a       166     0     7     1    16
 -4.4484418718573571E-01 a       167     0     7     1    17
  1.3034447970088605E+00 a       168     0     7     1    18
  8.4146744459311362E-01 a       169     0     7     1    19
 -9.0317673910573015E-01 a       170     0     7     1    20
 -8.1980010658828484E-02 a       171     0     7     1    21
  8.4035923221018771E-01 a       172     0     7     1    22
  9.7947652383046771E-02 a       173     0     7     1    23
  6.9236020908463050E-02 a       174     0     7     1    24
  5.4980792953962010E-01 a       175     0     7     1    25
 -1.0853803367553008E+00 a       176     0     8     1     1
 -6.8851773768846714E-01 a       177     0     8     1     2
 -1.1717748258692879E+00 a       178     0     8     1     3
 -5.4415489790329974E-01 a       179     0     8     1     4
  2.6468011677124620E-01 a       180     0     8     1     5
  8.3181151281189725E-01 a       181     0     8     1     6
 -1.3600606453442993E-01 a       182     0     8     1     7
  5.0468774030157526E-01 a       183     0     8     1     8
  5.1569774432002058E-01 a       184     0     8     1     9
  2.0914586486423617E-01 a       185     0     8     1    10
 -1.3925428297744671E+00 a       186     0     8     1    11
 -3.3574980225191770E-01 a       187     0     8     1    12
 -7.5975766851446924E-01 a       188     0     8     1    13
 -7.2844729325744106E-01 a       189     0     8     1    14
 -8.1419072918207339E-02 a       190     0     8     1    15
 -3.3895512422291996E-01 a       191     0     8     1    16
 -3.0517639755252228E-02 a       192     0     8     1    17
  5.0671470488376813E-01 a       193     0     8     1    18
 -1.0007444127142713E+00 a       194     0     8     1    19
  9.5957622238026438E-02 a       195     0     8     1    20
  2.0139280115395800E-01 a       196     0     8     1    21
  7.6857345412287989E-02 a       197     0     8     1    22
  4.9397015199264793E-01 a       198     0     8     1    23
 -5.9075488228720510E-02 a       199     0     8     1    24
 -8.1380541445302057E-01 a       200     0     8     1    25
 -6.6957784418989474E-01 a       201     0     9     1     1
 -9.6230335357130065E-03 a       202     0     9     1     2
  4.3130467724226923E-01 a       203     0     9     1     3
 -6.3825285409677623E-01 a       204     0     9     1     4
  2.3599385699246805E-01 a       205     0     9     1     5
 -3.4554254878164686E-02 a       206     0     9     1     6
 -1.8627475558840789E-01 a       207     0     9     1     7
 -4.1335249818811903E-01 a       208     0     9     1     8
  9.9502931129689040E-02 a       209     0     9     1     9
 -2.4894607992501286E-01 a       210     0     9     1    10
  9.7424238910477701E-01 a       211     0     9     1    11
  1.8007896778188974E-02 a       212     0     9     1    12
  6.6137552720194059E-01 a       213     0     9     1    13
  4.1140231214898215E-01 a       214     0     9     1    14
  2.4545621705771009E-01 a       215     0     9     1    15
  3.4136969531351663E-01 a       216     0     9     1    16
  1.6282735093018197E-01 a       217     0     9     1    17
 -7.5524358867799202E-01 a       218     0     9     1    18
 -2.0063704092048867E-01 a       219     0     9     1    19
  1.1758180062754817E+00 a       220     0     9     1    20
 -4.1176476577351420E-02 a       221     0     9     1    21
 -1.7153963385028004E-01 a       222     0     9     1    22
 -1.0741478349611219E-01 a       223     0     9     1    23
 -4.1799272676712751E-01 a       224     0     9     1    24
 -3.9931879962074179E-01 a       225     0     9     1    25
 -9.4635030364761778E-03 a       226     0    10     1     1
  5.1918709546688457E-01 a       227     0    10     1     2
  1.8685882913742905E-02 a       228     0    10     1     3
  2.6593572242677493E-01 a       229     0    10     1     4
 -4.3720802328346003E-01 a       230     0    10     1     5
 -8.1185449617071004E-01 a       231     0    10     1     6
  8.7015215317466282E-02 a       232     0    10     1     7
 -2.5962715078086962E-01 a       233     0    10     1     8
  3.4987891236440122E-01 a       234     0    10     1     9
  2.4238536261148406E-03 a       235     0    10     1    10
  7.4151516050213417E-01 a       236     0    10     1    11
  8.1916542468092921E-02 a       237     0    10     1    12
  8.9722626307418851E-01 a       238     0    10     1    13
  4.0246362969536753E-01 a       239     0    10     1    14
 -1.6475772859084102E-02 a       240     0    10     1    15
  7.5036038082406131E-01 a       241     0    10     1    16
  3.7755894104115822E-01 a       242     0    10     1    17
 -9.3714864323252614E-02 a       243     0    10     1    18
  1.6283107196740934E-01 a       244     0    10     1    19
 -9.8733084039849799E-03 a       245     0    10     1    20
 -3.9934633972654587E-01 a       246     0    10     1    21
  1.4930188776264008E-01 a       247     0    10     1    22
  1.6933969255482265E-01 a       248     0    10     1    23
 -3.7504325688252416E-01 a       249     0    10     1    24
  1.3697056875925670E-01 a       250     0    10     1    25
  5.0466581545191691E-01 a       251     0    11     1     1
  6.3460360000806237E-01 a       252     0    11     1     2
  1.9841291619077042E-01 a       253     0    11     1     3
  3.3792898498293344E-01 a       254     0    11     1     4
 -8.3006041956142640E-02 a       255     0    11     1     5
 -3.5645498859915364E-01 a       256     0    11     1     6
  2.9373514752728974E-01 a       257     0    11     1     7
  8.0802663146590370E-01 a       258     0    11     1     8
 -4.6566272646760959E-01 a       259     0    11     1     9
 -8.6097856935745024E-02 a       260     0    11     1    10
 -5.6438183925837637E-01 a       261     0    11     1    11
 -6.8322500221639104E-01 a       262     0    11     1    12
  3.4054539089760377E-01 a       263     0    11     1    13
  7.1170247575852372E-02 a       264     0    11     1    14
 -4.4853970413849747E-01 a       265     0    11     1    15
 -5.5353684710702566E-01 a       266     0    11     1    16
 -3.7742184424992958E-01 a       267     0    11     1    17
  8.7687220297125346E-01 a       268     0    11     1    18
  1.4290775467301511E-01 a       269     0    11     1    19
 -3.3178103690689020E-01 a       270     0    11     1    20
 -3.7453701548867396E-01 a       271     0    11     1    21
 -3.8877323230103994E-01 a       272     0    11     1    22
 -5.3321235388097432E-01 a       273     0    11     1    23
 -5.2195229096713369E-01 a       274     0    11     1    24
  1.1763584462934991E+00 a       275     0    11     1    25
  2.4134369058476704E-01 a       276     0    12     1     1
  6.5401996610631981E-03 a       277     0    12     1     2
  4.1075794355244660E-01 a       278     0    12     1     3
  1.3651093232363695E-01 a       279     0    12     1     4
  2.0601089702150807E-01 a       280     0    12     1     5
  2.9817000924447662E-01 a       281     0    12     1     6
 -2.5432665878877564E-01 a       282     0    12     1     7
  4.8444173055268075E-01 a       283     0    12     1     8
 -2.7646034780203349E-01 a       284     0    12     1     9
  5.4556439984630567E-01 a       285     0    12     1    10
 -6.5131568238837853E-02 a       286     0    12     1    11
 -3.8998565247752753E-01 a       287     0    12     1    12
 -5.1042737674637495E-01 a       288     0    12     1    13
  1.8168492296960256E-01 a       289     0    12     1    14
 -1.5596474441618355E-01 a       290     0    12     1    15
 -4.6606927802370030E-01 a       291     0    12     1    16
  3.7515197217161900E-01 a       292     0    12     1    17
  1.6057081147418534E-01 a       293     0    12     1    18
 -1.1026561457360171E-01 a       294     0    12     1    19
 -4.9168488373731979E-02 a       295     0    12     1    20
 -6.3534314476152376E-02 a       296     0    12     1    21
 -5.8019639584822735E-01 a       297     0    12     1    22
 -4.3064572913723209E-01 a       298     0    12     1    23
  5.4355773837347954E-01 a       299     0    12     1    24
  3.3530480615536684E-01 a       300     0    12     1    25
 -1.0081654817576142E+00 a       301     0    13     1     1
  3.6097460200683945E-01 a       302     0    13     1     2
  9.4429098226626684E-01 a       303     0    13     1     3
  1.2144952235661535E-01 a       304     0    13     1     4
  1.2360942426064818E+00 a       305     0    13     1     5
 -4.1581732542774691E-01 a       306     0    13     1     6
 -2.0280311895616041E+00 a       307     0    13     1     7
 -8.2617694361495531E-01 a       308     0    13     1     8
  4.7569658864029439E-02 a       309     0    13     1     9
 -6.3692750133316087E-02 a       310     0    13     1    10
 -5.7392914325525707E-02 a       311     0    13     1    11
 -9.6412543258091954E-01 a       312     0    13     1    12
  5.3388572284535397E-03 a       313     0    13     1    13
  1.0223290778883625E+00 a       314     0    13     1    14
  6.8863837234962488E-01 a       315     0    13     1    15
  2.5116818971765453E-01 a       316     0    13     1    16
  1.6094295838199452E-01 a       317     0    13     1    17
 -5.9101812188510405E-01 a       318     0    13     1    18
  4.8112803723928182E-01 a       319     0    13     1    19
  8.4534711828014558E-02 a       320     0    13     1    20
  4.3897411092364252E-02 a       321     0    13     1    21
  8.5965103774141327E-01 a       322     0    13     1    22
 -7.7221041841862414E-01 a       323     0    13     1    23
  5.1238920946441802E-01 a       324     0    13     1    24
 -1.5456940794649281E+00 a       325     0    13     1    25
 -2.5126393214344089E-01 a       326     0    14     1     1
  2.0905229053521590E-01 a       327     0    14     1     2
 -1.4549752311185923E-01 a       328     0    14     1     3
  2.4109780537671588E-01 a       329     0    14     1     4
 -2.1770239851523050E-02 a       330     0    14     1     5
 -4.2003981360680891E-02 a       331     0    14     1     6
 -1.1764552748922659E-01 a       332     0    14     1     7
 -1.4268699950786384E-01 a       333     0    14     1     8
  7.3367854442313141E-02 a       334     0    14     1     9
 -1.5674056986480941E-01 a       335     0    14     1    10
  1.3062809233818801E-01 a       336     0    14     1    11
  3.0338367989310968E-02 a       337     0    14     1    12
  2.5454981484988892E-01 a       338     0    14     1    13
  5.6522993485045761E-02 a       339     0    14     1    14
  4.6746313818933141E-02 a       340     0    14     1    15
  3.3356758669960483E-02 a       341     0    14     1    16
  7.1967542428509265E-02 a       342     0    14     1    17
 -4.5916221681477347E-02 a       343     0    14     1    18
  1.3979749959688251E-01 a       344     0    14     1    19
  2.5396952799982268E-02 a       345     0    14     1    20
 -2.2580474843798523E-01 a       346     0    14     1    21
  3.8392595720563617E-02 a       347     0    14     1    22
  5.3651937537995608E-03 a       348     0    14     1    23
  1.4956354716997000E-01 a       349     0    14     1    24
  2.8239661478886950E-02 a       350     0    14     1    25
 -2.9692916894231375E-01 a       351     0    15     1     1
 -2.4001718320158250E-01 a       352     0    15     1     2
 -3.8259698623439814E-01 a       353     0    15     1     3
  1.4766195011223365E-01 a       354     0    15     1     4
  1.4447327799734892E-02 a       355     0    15     1     5
 -9.2997804747672691E-02 a       356     0    15     1     6
  7.1389481119460463E-01 a       357     0    15     1     7
 -6.3241970412217241E-02 a       358     0    15     1     8
  3.0920865804771169E-02 a       359     0    15     1     9
 -1.1727900656354781E-03 a       360     0    15     1    10
  6.1086496800265522E-01 a       361     0    15     1    11
  1.3294633650079440E-01 a       362     0    15     1    12
  3.8672401346351137E-01 a       363     0    15     1    13
 -6.0679866119493686E-01 a       364     0    15     1    14
 -6.2445363098478857E-01 a       365     0    15     1    15
 -3.3032753335069040E-02 a       366     0    15     1    16
 -5.7732459525985014E-01 a       367     0    15     1    17
 -7.1412225990340417E-02 a       368     0    15     1    18
  6.1078200712066190E-02 a       369     0    15     1    19
  4.3005306895181915E-02 a       370     0    15     1    20
  2.1999701048191969E-01 a       371     0    15     1    21
 -3.1852379965562638E-01 a       372     0    15     1    22
  1.2677876257101892E-01 a       373     0    15     1    23
  4.1194481874926414E-02 a       374     0    15     1    24
  5.0025420767343365E-01 a       375     0    15     1    25
  1.1699380749363786E-04 a       376     0    16     1     1
 -5.4068347988613784E-02 a       377     0    16     1     2
 -1.0689576644061118E-01 a       378     0    16     1     3
  9.2857094726491077E-02 a       379     0    16     1     4
 -7.0953891938074207E-02 a       380     0    16     1     5
  8.8631492122264205E-02 a       381     0    16     1     6
  1.0146468927139133E-02 a       382     0    16     1     7
  1.6155008475089410E-03 a       383     0    16     1     8
  8.5209385590791858E-02 a       384     0    16     1     9
  4.7212331817072767E-02 a       385     0    16     1    10
  6.3047523770037694E-02 a       386     0    16     1    11
  1.0919225267746321E-01 a       387     0    16     1    12
 -1.4331822600482999E-01 a       388     0    16     1    13
 -1.2374105835327923E-01 a       389     0    16     1    14
  1.0234756989460865E-02 a       390     0    16     1    15
 -8.3115794327659892E-02 a       391     0    16     1    16
  4.3987774933773982E-02 a       392     0    16     1    17
  7.6200515990037992E-02 a       393     0    16     1    18
 -3.1543198695437577E-02 a       394     0    16     1    19
  7.0320459255793971E-02 a       395     0    16     1    20
 -1.0179501942624970E-01 a       396     0    16     1    21
 -1.4469122291393829E-01 a       397     0    16     1    22
  7.1734022370174649E-02 a       398     0    16     1    23
  1.4899438000252158E-01 a       399     0    16     1    24
  1.0455990241359207E-01 a       400     0    16     1    25
  1.4493604017361958E-01 a       401     0    17     1     1
  7.0644372538144637E-02 a       402     0    17     1     2
 -1.6929285053159401E-01 a       403     0    17     1     3
  2.4099732031575999E-01 a       404     0    17     1     4
 -3.9798449244839329E-01 a       405     0    17     1     5
 -1.2710883426882288E-01 a       406     0    17     1     6
 -4.8224692361840887E-01 a       407     0    17     1     7
  1.6002349450153494E-01 a       408     0    17     1     8
 -1.6948322633037052E-01 a       409     0    17     1     9
 -2.5205417699070853E-01 a       410     0    17     1    10
  6.0705165117868776E-02 a       411     0    17     1    11
  5.9653655902486225E-02 a       412     0    17     1    12
  1.3417006052447630E-01 a       413     0    17     1    13
 -5.9697022009935360E-02 a       414     0    17     1    14
 -1.4958116212597164E-01 a       415     0    17     1    15
  1.0244987988867131E-02 a       416     0    17     1    16
 -5.6371566402686670E-03 a       417     0    17     1    17
 -3.1492562274210095E-01 a       418     0    17     1    18
  8.6653024867372266E-02 a       419     0    17     1    19
 -4.5799906500033939E-02 a       420     0    17     1    20
  2.6989924041385710E-01 a       421     0    17     1    21
  2.7716942287891044E-01 a       422     0    17     1    22
 -3.0501635352899314E-01 a       423     0    17     1    23
  6.5159424423876192E-02 a       424     0    17     1    24
  9.0673239810216535E-02 a       425     0    17     1    25
 -6.7815997871383635E-02 a       426     0    18     1     1
 -1.0993555384632106E-01 a       427     0    18     1     2
  1.3537270968278850E-01 a       428     0    18     1     3
 -1.5926674413219760E-01 a       429     0    18     1     4
  9.3343007132215827E-02 a       430     0    18     1     5
 -8.3241358908069260E-02 a       431     0    18     1     6
  1.1734437456886107E-01 a       432     0    18     1     7
  1.1430134106084860E-01 a       433     0    18     1     8
  3.1486707077093036E-02 a       434     0    18     1     9
 -7.2738450663994121E-03 a       435     0    18     1    10
  4.4058945784138256E-02 a       436     0    18     1    11
 -7.1293644068280482E-02 a       437     0    18     1    12
 -7.9852555309447612E-02 a       438     0    18     1    13
  5.8606079129310124E-03 a       439     0    18     1    14
  3.7461281771199804E-02 a       440     0    18     1    15
  7.3661923007463562E-02 a       441     0    18     1    16
  2.1170679596456705E-02 a       442     0    18     1    17
 -3.9306855292987435E-02 a       443     0    18     1    18
 -4.2937856815186776E-02 a       444     0    18     1    19
 -3.4009372394334755E-02 a       445     0    18     1    20
  1.1985357687678287E-01 a       446     0    18     1    21
 -1.3971412232540184E-01 a       447     0    18     1    22
  9.5606776397019852E-02 a       448     0    18     1    23
 -3.9149178802147721E-03 a       449     0    18     1    24
 -6.7723696478388176E-02 a       450     0    18     1    25
 -1.4707844751676308E-01 a       451     0    19     1     1
 -9.0120314638275079E-03 a       452     0    19     1     2
 -1.7920692411975123E-01 a       453     0    19     1     3
  4.4108234927122447E-01 a       454     0    19     1     4
 -3.8320139439361722E-01 a       455     0    19     1     5
 -8.7812025973148122E-01 a       456     0    19     1     6
  3.8725444452233017E-03 a       457     0    19     1     7
  4.8793303999680282E-01 a       458     0    19     1     8
  3.9815918672437717E-01 a       459     0    19     1     9
  1.9532335268708189E-02 a       460     0    19     1    10
  1.2977378809612011E-01 a       461     0    19     1    11
 -1.6621981739929370E-01 a       462     0    19     1    12
 -2.8628099356331538E-01 a       463     0    19     1    13
 -5.9780438386525347E-01 a       464     0    19     1    14
 -3.2720901059103003E-01 a       465     0    19     1    15
 -1.2254107166844646E+00 a       466     0    19     1    16
  7.3438043150242022E-02 a       467     0    19     1    17
 -1.4359642355363642E-01 a       468     0    19     1    18
 -4.7174078056859553E-01 a       469     0    19     1    19
  8.5376769717625214E-02 a       470     0    19     1    20
 -1.0861575768646188E-01 a       471     0    19     1    21
 -6.7216119246000461E-01 a       472     0    19     1    22
 -3.3760994011351309E-01 a       473     0    19     1    23
  6.9779171869501011E-01 a       474     0    19     1    24
  3.1205621191128102E-01 a       475     0    19     1    25
  2.3914241614146317E-01 a       476     0    20     1     1
  1.1361825951349885E-02 a       477     0    20     1     2
  8.7888516751733661E-02 a       478     0    20     1     3
 -1.8172232597731341E-01 a       479     0    20     1     4
 -4.9434728241986609E-02 a       480     0    20     1     5
  1.2291711038386685E-01 a       481     0    20     1     6
  1.2816233527573004E-02 a       482     0    20     1     7
 -1.0419884973390103E-01 a       483     0    20     1     8
  8.5915879764068157E-02 a       484     0    20     1     9
 -7.7151090697294117E-02 a       485     0    20     1    10
 -7.9839107830102701E-02 a       486     0    20     1    11
  1.1335271091978176E-01 a       487     0    20     1    12
  2.3998600948671456E-01 a       488     0    20     1    13
  2.9836442627054954E-01 a       489     0    20     1    14
 -1.0694949296578060E-01 a       490     0    20     1    15
  7.5646927269533037E-01 a       491     0    20     1    16
 -2.6683546816370422E-02 a       492     0    20     1    17
  3.8261531922778778E-02 a       493     0    20     1    18
  1.3997332497809140E-01 a       494     0    20     1    19
 -3.9049537240416106E-02 a       495     0    20     1    20
  1.6461823413773993E-01 a       496     0    20     1    21
  5.6408214454298156E-01 a       497     0    20     1    22
  1.1295621157760580E-01 a       498     0    20     1    23
 -3.8665585714949063E-01 a       499     0    20     1    24
 -1.6986527895790562E-01 a       500     0    20     1    25
  3.2286615947016162E-01 a       501     0    21     1     1
 -1.1841006919202264E-02 a       502     0    21     1     2
  9.6657556742008686E-03 a       503     0    21     1     3
 -2.3784870466877710E-02 a       504     0    21     1     4
  2.5280925091598455E-01 a       505     0    21     1     5
  9.4799940156021584E-02 a       506     0    21     1     6
  5.6363653777583078E-01 a       507     0    21     1     7
  5.0097522980039833E-02 a       508     0    21     1     8
  3.1124229961349709E-01 a       509     0    21     1     9
 -1.7383831135225378E-01 a       510     0    21     1    10
 -4.3564362288139882E-02 a       511     0    21     1    11
  3.4710412217577574E-01 a       512     0    21     1    12
 -1.5419719429000853E-01 a       513     0    21     1    13
  1.2282631650642395E-01 a       514     0    21     1    14
  4.6431557750783135E-02 a       515     0    21     1    15
 -2.2140349247967755E-01 a       516     0    21     1    16
  9.5096774595037181E-02 a       517     0    21     1    17
  2.0292089259011756E-01 a       518     0    21     1    18
  7.9767441904417966E-02 a       519     0    21     1    19
  3.0336297725792788E-01 a       520     0    21     1    20
 -3.1194061974294485E-01 a       521     0    21     1    21
 -2.1779028883747048E-01 a       522     0    21     1    22
  4.0135342653010314E-01 a       523     0    21     1    23
  1.2962995766446159E-01 a       524     0    21     1    24
 -2.1073230644343219E-01 a       525     0    21     1    25
 -2.2568634115994743E-01 a       526     0    22     1     1
  1.2615156662829036E-01 a       527     0    22     1     2
  3.3813189391314225E-02 a       528     0    22     1     3
 -1.5102357955661461E-01 a       529     0    22     1     4
  3.0609349483865900E-01 a       530     0    22     1     5
  1.2050089794571298E-01 a       531     0    22     1     6
 -3.2755699243343706E-02 a       532     0    22     1     7
  1.8851624840742362E-02 a       533     0    22     1     8
 -4.9118104476346194E-02 a       534     0    22     1     9
 -1.3479499114055390E-01 a       535     0    22     1    10
 -2.2383591905599652E-02 a       536     0    22     1    11
 -1.7298161827488889E-01 a       537     0    22     1    12
  3.5446618621273795E-02 a       538     0    22     1    13
 -3.1092344530244398E-01 a       539     0    22     1    14
  2.3240900906616299E-01 a       540     0    22     1    15
  1.9090809969941697E-01 a       541     0    22     1    16
 -7.4165544667002065E-02 a       542     0    22     1    17
  1.5792338030706074E-01 a       543     0    22     1    18
 -8.6948624220207146E-02 a       544     0    22     1    19
 -1.8403981720953036E-01 a       545     0    22     1    20
 -2.9592957323930130E-01 a       546     0    22     1    21
 -2.9075528938121820E-01 a       547     0    22     1    22
 -2.6167867761323760E-01 a       548     0    22     1    23
  5.1467832997935982E-02 a       549     0    22     1    24
  3.8209600888761096E-02 a       550     0    22     1    25
 -2.5234286408336420E-01 a       551     0    23     1     1
  5.9575386301948652E-01 a       552     0    23     1     2
 -1.8779625110771545E-01 a       553     0    23     1     3
  3.8424984505186033E-01 a       554     0    23     1     4
  9.2477350176406425E-01 a       555     0    23     1     5
 -1.1804504282433655E-01 a       556     0    23     1     6
 -3.2558674356678430E-01 a       557     0    23     1     7
  1.0351834912507774E+00 a       558     0    23     1     8
 -2.5638191215766482E-02 a       559     0    23     1     9
 -3.0376840331628219E-01 a       560     0    23     1    10
  5.8083758216343706E-01 a       561     0    23     1    11
 -5.4497087499227981E-01 a       562     0    23     1    12
 -2.9938174030827697E-01 a       563     0    23     1    13
  2.9748221298163557E-01 a       564     0    23     1    14
  3.4738117442161937E-01 a       565     0    23     1    15
  3.5460733022671764E-01 a       566     0    23     1    16
  4.6711127998967805E-01 a       567     0    23     1    17
 -2.2586165144971987E-01 a       568     0    23     1    18
  4.7213012012691270E-02 a       569     0    23     1    19
 -6.1848941840596738E-01 a       570     0    23     1    20
 -2.7694234307308163E-01 a       571     0    23     1    21
 -9.3598135388466797E-01 a       572     0    23     1    22
  4.0059198318229611E-01 a       573     0    23     1    23
  2.1117609895670247E-01 a       574     0    23     1    24
  1.2933861374191311E-01 a       575     0    23     1    25
 -1.2363810018828196E-01 a       576     0    24     1     1
 -4.3471844875123772E-01 a       577     0    24     1     2
  4.7611352592266670E-01 a       578     0    24     1     3
  1.0825185163182410E-01 a       579     0    24     1     4
 -1.1512620916751627E-01 a       580     0    24     1     5
 -9.8395483194477573E-01 a       581     0    24     1     6
  5.3560979586140178E-01 a       582     0    24     1     7
 -3.2652513804884736E-01 a       583     0    24     1     8
  2.6712938481993476E-01 a       584     0    24     1     9
 -7.1130165896549147E-01 a       585     0    24     1    10
  1.3761729333657469E-01 a       586     0    24     1    11
  2.6098505078759704E-01 a       587     0    24     1    12
  4.5770061103951815E-01 a       588     0    24     1    13
 -3.6950047128512320E-01 a       589     0    24     1    14
  9.5337615584719412E-02 a       590     0    24     1    15
 -3.3511100915281800E-01 a       591     0    24     1    16
 -4.3235107816136659E-01 a       592     0    24     1    17
 -8.0092069597449481E-02 a       593     0    24     1    18
  5.0029909781820048E-01 a       594     0    24     1    19
  1.8407475099935586E-01 a       595     0    24     1    20
  1.9176203446806861E-01 a       596     0    24     1    21
  1.6190721775072134E-01 a       597     0    24     1    22
 -2.5323362685509415E-01 a       598     0    24     1    23
 -3.3772485153809273E-01 a       599     0    24     1    24
 -2.3050579447965036E-01 a       600     0    24     1    25
  1.9307768318212240E-01 a       601     0    25     1     1
  7.7746385193542530E-02 a       602     0    25     1     2
 -2.2476754485249412E-01 a       603     0    25     1     3
  7.3563498727461679E-02 a       604     0    25     1     4
 -2.4074061478660706E-02 a       605     0    25     1     5
  1.2977823003729408E-01 a       606     0    25     1     6
 -1.7051068077189169E-01 a       607     0    25     1     7
  1.6894122028566527E-01 a       608     0    25     1     8
 -1.0699618229170423E-01 a       609     0    25     1     9
  1.9488213480641794E-01 a       610     0    25     1    10
 -1.2391944402058737E-01 a       611     0    25     1    11
  1.6051489791040932E-01 a       612     0    25     1    12
  1.0743992434998181E-01 a       613     0    25     1    13
  3.0010442416504413E-01 a       614     0    25     1    14
 -1.0290445302522123E-01 a       615     0    25     1    15
  1.4534680398517003E-01 a       616     0    25     1    16
  9.3447900351591437E-02 a       617     0    25     1    17
 -1.1494709599258694E-01 a       618     0    25     1    18
  1.0455023272726042E-02 a       619     0    25     1    19
 -4.0272881242804523E-02 a       620     0    25     1    20
 -5.9235043567838229E-02 a       621     0    25     1    21
  3.8438199229183506E-01 a       622     0    25     1    22
  1.3869928404557091E-01 a       623     0    25     1    23
 -9.1872849254825029E-02 a       624     0    25     1    24
  8.0833440161169431E-02 a       625     0    25     1    25
  4.8766608795319932E-01 a       626     0    26     1     1
 -2.6549250333060737E-01 a       627     0    26     1     2
  2.7625479590122715E-01 a       628     0    26     1     3
  1.3908208770531386E-01 a       629     0    26     1     4
 -2.0494936728325777E-01 a       630     0    26     1     5
 -2.8166943281138834E-01 a       631     0    26     1     6
  4.1805995853513056E-01 a       632     0    26     1     7
 -2.4489420757660812E-01 a       633     0    26     1     8
 -3.9505649918510660E-01 a       634     0    26     1     9
  3.3570589732774531E-01 a       635     0    26     1    10
 -6.5968170562052314E-02 a       636     0    26     1    11
  5.0044544166080894E-03 a       637     0    26     1    12
  2.4493125986511219E-01 a       638     0    26     1    13
  5.8014067573371320E-01 a       639     0    26     1    14
  1.5175456598076864E-01 a       640     0    26     1    15
 -1.5331675920653995E-01 a       641     0    26     1    16
  4.2782766753952511E-01 a       642     0    26     1    17
 -3.3656856123237870E-02 a       643     0    26     1    18
  1.4245813989948961E-01 a       644     0    26     1    19
  1.2940561771247494E-01 a       645     0    26     1    20
  5.3481232655617994E-02 a       646     0    26     1    21
 -1.3918847862485736E-01 a       647     0    26     1    22
  4.2810409565622008E-02 a       648     0    26     1    23
  1.1434182377672505E-01 a       649     0    26     1    24
 -3.7273379038567103E-02 a       650     0    26     1    25
  6.5085710217451898E-01 a       651     0    27     1     1
 -1.2837815843640316E-01 a       652     0    27     1     2
  5.8141725752129858E-01 a       653     0    27     1     3
 -3.0630601026884691E-01 a       654     0    27     1     4
 -8.9495684420368246E-02 a       655     0    27     1     5
  8.5999649567317829E-02 a       656     0    27     1     6
  1.9360929888973197E-01 a       657     0    27     1     7
 -7.2501929751165950E-01 a       658     0    27     1     8
  3.2034463801224888E-01 a       659     0    27     1     9
  2.0194009113842122E-02 a       660     0    27     1    10
  7.0214900622907905E-01 a       661     0    27     1    11
 -3.5779845982718667E-01 a       662     0    27     1    12
 -3.4701758383555625E-01 a       663     0    27     1    13
 -7.7874207331794593E-02 a       664     0    27     1    14
  2.0277669022327080E-01 a       665     0    27     1    15
  1.1953465429383283E+00 a       666     0    27     1    16
 -5.1744822701102000E-01 a       667     0    27     1    17
 -7.6907888613193906E-02 a       668     0    27     1    18
  2.1289201205315822E-01 a       669     0    27     1    19
 -8.7308940822471131E-03 a       670     0    27     1    20
  1.2178200641150230E+00 a       671     0    27     1    21
  5.7596041859586056E-01 a       672     0    27     1    22
  6.1571287507310735E-01 a       673     0    27     1    23
 -8.3589088995028094E-01 a       674     0    27     1    24
  1.2258007984618976E-02 a       675     0    27     1    25
 -3.3223541997696798E-01 a       676     0    28     1     1
  2.1178014707230262E-02 a       677     0    28     1     2
  8.2610822381721780E-02 a       678     0    28     1     3
  1.0854375716562054E-01 a       679     0    28     1     4
  1.3586481417689739E-01 a       680     0    28     1     5
  9.9452056130876973E-02 a       681     0    28     1     6
 -7.8380827868440139E-02 a       682     0    28     1     7
 -1.6140889868155003E-01 a       683     0    28     1     8
 -2.6496661057998788E-01 a       684     0    28     1     9
  6.1767826170322664E-02 a       685     0    28     1    10
 -7.4194324426203245E-02 a       686     0    28     1    11
 -1.4683222427898279E-01 a       687     0    28     1    12
 -6.6105584853813876E-02 a       688     0    28     1    13
 -1.4575603311437063E-01 a       689     0    28     1    14
  1.4358655299607512E-01 a       690     0    28     1    15
 -6.6810800500636891E-01 a       691     0    28     1    16
  8.6728359126654331E-02 a       692     0    28     1    17
 -1.3646393951757096E-02 a       693     0    28     1    18
 -8.3608834977728891E-02 a       694     0    28     1    19
  4.3161069903980893E-02 a       695     0    28     1    20
 -2.5629114379450990E-01 a       696     0    28     1    21
 -5.2453055949808070E-01 a       697     0    28     1    22
 -1.7421769283769595E-01 a       698     0    28     1    23
  2.8436778120003864E-01 a       699     0    28     1    24
  3.7846590354590280E-02 a       700     0    28     1    25
  7.4597884399184122E-01 a       701     0    29     1     1
 -5.2534041634767559E-01 a       702     0    29     1     2
 -3.7792180137863607E-01 a       703     0    29     1     3
  2.7518826332631127E-02 a       704     0    29     1     4
 -4.0124653433236046E-01 a       705     0    29     1     5
  1.0074712744807799E+00 a       706     0    29     1     6
  2.3748238610623504E-01 a       707     0    29     1     7
 -9.6422054144828712E-02 a       708     0    29     1     8
 -7.7321425894702922E-02 a       709     0    29     1     9
  2.9037990180828593E-01 a       710     0    29     1    10
 -6.4048493633527714E-01 a       711     0    29     1    11
  1.4626493941347671E+00 a       712     0    29     1    12
 -2.2381508431423006E-01 a       713     0    29     1    13
 -4.9059411017873383E-01 a       714     0    29     1    14
 -4.7690774780784935E-02 a       715     0    29     1    15
 -1.0552861120709527E-01 a       716     0    29     1    16
  3.5794209269624366E-01 a       717     0    29     1    17
  7.4346964071902652E-02 a       718     0    29     1    18
 -3.9015070968117738E-01 a       719     0    29     1    19
 -6.1454492956711723E-02 a       720     0    29     1    20
  2.0286975728198181E-01 a       721     0    29     1    21
  5.2508968925163990E-01 a       722     0    29     1    22
  1.9465406747065422E-01 a       723     0    29     1    23
  6.4203063426760465E-01 a       724     0    29     1    24
 -8.0284436991845343E-02 a       725     0    29     1    25
 -1.5912257266032970E-01 a       726     0    30     1     1
  4.0475784355213579E-01 a       727     0    30     1     2
 -8.9445218438321539E-01 a       728     0    30     1     3
 -2.9806072632430719E-01 a       729     0    30     1     4
 -3.3425389568467967E-01 a       730     0    30     1     5
  6.8878437030330197E-01 a       731     0    30     1     6
 -4.4865536036405085E-01 a       732     0    30     1     7
  9.6597453999961221E-03 a       733     0    30     1     8
  1.6251748386749179E-01 a       734     0    30     1     9
  5.9282556874027996E-02 a       735     0    30     1    10
 -2.7576209222296588E-02 a       736     0    30     1    11
  1.4955708782567256E-01 a       737     0    30     1    12
 -3.9364453194779525E-01 a       738     0    30     1    13
 -4.4165007676947665E-01 a       739     0    30     1    14
 -1.6765367698438691E-01 a       740     0    30     1    15
  7.2841821500491165E-03 a       741     0    30     1    16
 -4.2252545610164982E-01 a       742     0    30     1    17
  2.0916409024426624E-01 a       743     0    30     1    18
 -6.3568882753108502E-01 a       744     0    30     1    19
  2.9135127933588325E-02 a       745     0    30     1    20
 -3.2374914356932455E-01 a       746     0    30     1    21
  1.4544911736024943E-02 a       747     0    30     1    22
 -3.2115649121346029E-01 a       748     0    30     1    23
 -3.3455522039334620E-02 a       749     0    30     1    24
 -7.4292987160972573E-02 a       750     0    30     1    25
 -2.9952954771633500E-01 b       751     1     1
 -9.3103948242722522E-05 b       752     1     2
 -1.0395970283344784E-01 b       753     1     3
  8.0245549921734813E-02 b       754     1     4
  6.4168759262445996E-01 b       755     1     5
  4.6054937107273974E-01 b       756     1     6
 -7.8219335512459320E-01 b       757     1     7
 -6.3882052409241621E-02 b       758     1     8
 -5.2910941197037389E-02 b       759     1     9
 -2.5688180105079023E-01 b       760     1    10
  2.5505381566558105E-01 b       761     1    11
 -4.4626851929100159E-01 b       762     1    12
  5.3254580470893563E-02 b       763     1    13
  4.9838948989621851E-01 b       764     1    14
 -5.2268540628838664E-02 b       765     1    15
 -2.3770476788162923E-01 b       766     1    16
  1.2275371608463306E-01 b       767     1    17
 -1.5567015541497395E-01 b       768     1    18
  3.9363093920475484E-01 b       769     1    19
 -1.4112949033037434E-01 b       770     1    20
  1.1425344577065133E-01 b       771     1    21
  1.3219956940844671E-01 b       772     1    22
 -3.8292444261082509E-01 b       773     1    23
  1.9157554395590617E-01 b       774     1    24
 -1.9732230481505719E-01 b       775     1    25
 -1.0738475846286424E-01 a       776     1     1     2     1
  2.7330419206647483E-01 a       777     1     1     2     2
 -9.3611923989209089E-02 a       778     1     1     2     3
 -4.0222782367504865E-02 a       779     1     1     2     4
  2.9909836431496889E-01 a       780     1     1     2     5
 -1.2348857052219721E-01 a       781     1     1     2     6
  2.7157707016960730E-01 a       782     1     1     2     7
  2.9577231497400253E-01 a       783     1     1     2     8
 -2.0480580129967983E-03 a       784     1     1     2     9
 -3.0610812564366519E-01 a       785     1     1     2    10
 -9.6636199949237145E-01 a       786     1     1     2    11
  5.8221105160664796E-02 a       787     1     1     2    12
  4.8899551607142472E-01 a       788     1     1     2    13
  2.2190355742340254E-02 a       789     1     1     2    14
 -2.9834818901655757E-01 a       790     1     1     2    15
 -1.3425966933217726E-01 a       791     1     1     2    16
  2.8104863756862482E-03 a       792     1     1     2    17
  1.0943408704215532E-01 a       793     1     1     2    18
  2.6968510866741086E-01 a       794     1     1     2    19
  6.8590294298173993E-01 a       795     1     1     2    20
  4.7548546658434204E-01 a       796     1     1     2    21
 -4.5894352479598266E-01 a       797     1     1     2    22
 -3.5482382245021515E-01 a       798     1     1     2    23
  4.8346683476919605E-01 a       799     1     1     2    24
  3.8447208119631748E-01 a       800     1     1     2    25
 -3.6306642997782546E-01 a       801     1     2     2     1
 -2.7174056686353754E-03 a       802     1     2     2     2
  8.5910540749011111E-01 a       803     1     2     2     3
  8.3046543912408108E-02 a       804     1     2     2     4
 -7.3098122035859969E-01 a       805     1     2     2     5
  1.9760341929203795E-01 a       806     1     2     2     6
 -7.4980152365740471E-01 a       807     1     2     2     7
  5.6114574616259905E-02 a       808     1     2     2     8
 -9.4625188555223887E-03 a       809     1     2     2     9
  2.1952757277679501E-02 a       810     1     2     2    10
 -1.8681866458988627E-01 a       811     1     2     2    11
 -7.1467607038845665E-02 a       812     1     2     2    12
  5.5622365606521736E-02 a       813     1     2     2    13
 -4.5731089147489656E-01 a       814     1     2     2    14
  3.5485626932234754E-01 a       815     1     2     2    15
  9.6093441394598467E-02 a       816     1     2     2    16
 -4.2272604622174897E-01 a       817     1     2     2    17
 -4.8984420006804963E-01 a       818     1     2     2    18
 -1.0456652158311728E+00 a       819     1     2     2    19
 -7.0355684061128343E-01 a       820     1     2     2    20
 -5.8674573888026305E-01 a       821     1     2     2    21
 -1.6198369793067327E-01 a       822     1     2     2    22
 -9.4148937035091351E-01 a       823     1     2     2    23
 -3.2648986851879819E-01 a       824     1     2     2    24
 -6.7946280793629876E-01 a       825     1     2     2    25
 -2.9363364207100462E-01 a       826     1     3     2     1
 -4.9158058312087616E-01 a       827     1     3     2     2
 -5.3689838129525158E-01 a       828     1     3     2     3
 -4.7343720882461404E-01 a       829     1     3     2     4
 -3.6309314948069671E-01 a       830     1     3     2     5
 -8.6215191329867373E-03 a       831     1     3     2     6
  9.1419522425717756E-02 a       832     1     3     2     7
 -5.2279315168811895E-02 a       833     1     3     2     8
  2.4031441361697259E-01 a       834     1     3     2     9
 -1.8810861043881591E-01 a       835     1     3     2    10
  5.6677175287346693E-01 a       836     1     3     2    11
 -1.5814662095673368E-01 a       837     1     3     2    12
 -4.8359700983926507E-01 a       838     1     3     2    13
  3.1087646308262162E-01 a       839     1     3     2    14
  2.6491263865408998E-01 a       840     1     3     2    15
  2.3038839231987618E-01 a       841     1     3     2    16
  1.4993376743040457E-01 a       842     1     3     2    17
 -1.5525211938400540E-01 a       843     1     3     2    18
 -6.8211791871173166E-01 a       844     1     3     2    19
 -9.1305617738627098E-01 a       845     1     3     2    20
 -2.4480870161332849E-01 a       846     1     3     2    21
 -3.3100814196174139E-01 a       847     1     3     2    22
 -3.2471906580912707E-01 a       848     1     3     2    23
 -1.3586989092417090E-01 a       849     1     3     2    24
 -6.6380239457797641E-02 a       850     1     3     2    25
  9.0548118808902311E-01 a       851     1     4     2     1
  5.4350641448368257E-02 a       852     1     4     2     2
 -3.8633481740201930E-01 a       853     1     4     2     3
  5.4882144562875268E-02 a       854     1     4     2     4
  4.7881626463982352E-01 a       855     1     4     2     5
 -3.3029054383978473E-01 a       856     1     4     2     6
  1.3399524429404400E-01 a       857     1     4     2     7
 -1.3520220302627248E-01 a       858     1     4     2     8
  2.6048776013939397E-02 a       859     1     4     2     9
 -2.7039359975137855E-01 a       860     1     4     2    10
  2.6937231363257091E-01 a       861     1     4     2    11
 -7.8392899488556531E-02 a       862     1     4     2    12
  1.0911387157833176E-01 a       863     1     4     2    13
  2.7146662048286868E-01 a       864     1     4     2    14
  4.2287604416379042E-02 a       865     1     4     2    15
 -7.7629584448702327E-01 a       866     1     4     2    16
  1.4168828293096386E-01 a       867     1     4     2    17
 -1.0792087382732174E-01 a       868     1     4     2    18
 -3.1183825648203334E-01 a       869     1     4     2    19
 -2.8042571346766482E-01 a       870     1     4     2    20
  1.9073916887530176E-01 a       871     1     4     2    21
  4.3335749340385574E-02 a       872     1     4     2    22
  4.8821626175395005E-01 a       873     1     4     2    23
 -1.0892504311603421E-01 a       874     1     4     2    24
  4.2203374286945322E-01 a       875     1     4     2    25
  4.4954815562425937E-01 a       876     1     5     2     1
  4.0047807817142268E-02 a       877     1     5     2     2
 -5.4000549578018153E-01 a       878     1     5     2     3
  6.1720112752333145E-01 a       879     1     5     2     4
  1.7892277813735544E+00 a       880     1     5     2     5
 -5.4397885793151846E-01 a       881     1     5     2     6
  9.3309530078548475E-01 a       882     1     5     2     7
 -1.1357966229450311E-01 a       883     1     5     2     8
 -4.9757811570537780E-01 a       884     1     5     2     9
  2.9824774573429286E-01 a       885     1     5     2    10
 -8.6076964220838681E-01 a       886     1     5     2    11
  7.2474464906884598E-02 a       887     1     5     2    12
  1.0667181980785928E-01 a       888     1     5     2    13
 -2.9525214573758612E-01 a       889     1     5     2    14
 -1.7134313927127462E-01 a       890     1     5     2    15
  4.6183944600704979E-01 a       891     1     5     2    16
 -1.6106163026766207E-01 a       892     1     5     2    17
 -2.9226036271676997E-01 a       893     1     5     2    18
  6.3650912210113064E-01 a       894     1     5     2    19
  3.7726482483362683E-01 a       895     1     5     2    20
  1.2459686403939993E+00 a       896     1     5     2    21
 -9.2062291636021265E-01 a       897     1     5     2    22
  9.9038111330093725E-01 a       898     1     5     2    23
  3.5251773346756471E-01 a       899     1     5     2    24
  6.0672989905694297E-01 a       900     1     5     2    25
  3.1081990483874573E-02 a       901     1     6     2     1
  2.2391875516877738E-01 a       902     1     6     2     2
  1.6301517477306682E-01 a       903     1     6     2     3
 -5.8433981515003552E-01 a       904     1     6     2     4
 -3.2063500604450729E-01 a       905     1     6     2     5
 -1.3461498232281438E-01 a       906     1     6     2     6
  1.1878631963971470E-01 a       907     1     6     2     7
  2.3890152401326062E-01 a       908     1     6     2     8
 -4.7763449683252834E-01 a       909     1     6     2     9
 -9.1161302845127856E-01 a       910     1     6     2    10
 -3.7573138975713072E-01 a       911     1     6     2    11
  3.0119442628915954E-01 a       912     1     6     2    12
 -6.7370652495683195E-03 a       913     1     6     2    13
  1.8695512233103850E-01 a       914     1     6     2    14
 -1.1311350173630504E-01 a       915     1     6     2    15
  5.5800978332887319E-01 a       916     1     6     2    16
  3.2215713707057343E-02 a       917     1     6     2    17
 -1.3937327889456932E-01 a       918     1     6     2    18
  4.3101915697844169E-02 a       919     1     6     2    19
  1.6520344849565441E-01 a       920     1     6     2    20
 -1.8014341560471211E-01 a       921     1     6     2    21
 -2.7518856398477953E-01 a       922     1     6     2    22
  6.3600790116118289E-01 a       923     1     6     2    23
  4.3301028002692234E-02 a       924     1     6     2    24
  2.9545442390480861E-02 a       925     1     6     2    25
 -4.8069501197161257E-01 a       926     1     7     2     1
  4.6521253456195893E-01 a       927     1     7     2     2
  6.9640493145531668E-01 a       928     1     7     2     3
  7.4279170694529639E-01 a       929     1     7     2     4
  1.6623009570797516E+00 a       930     1     7     2     5
  2.0399397069843775E-01 a       931     1     7     2     6
  4.4440161706167308E-01 a       932     1     7     2     7
  6.0570341402576588E-01 a       933     1     7     2     8
 -5.8103409944337059E-01 a       934     1     7     2     9
  7.3076055052986499E-01 a       935     1     7     2    10
 -6.6712683552890384E-01 a       936     1     7     2    11
  2.1650168083618021E-01 a       937     1     7     2    12
  6.7551824284801976E-01 a       938     1     7     2    13
 -9.6575811504107834E-01 a       939     1     7     2    14
 -2.2817432563637555E-01 a       940     1     7     2    15
  6.6043359554778602E-01 a       941     1     7     2    16
  5.3706305082881309E-02 a       942     1     7     2    17
 -7.3336929022661412E-01 a       943     1     7     2    18
 -2.8662908751385374E-01 a       944     1     7     2    19
  2.5806315746624586E-01 a       945     1     7     2    20
  9.0511469207149253E-01 a       946     1     7     2    21
  4.2333131955018100E-01 a       947     1     7     2    22
  1.9423697981317628E-01 a       948     1     7     2    23
 -1.5637609026328647E-01 a       949     1     7     2    24
  3.1425973578940886E-01 a       950     1     7     2    25
 -2.2920534968800060E-01 a       951     1     8     2     1
 -1.5310786308436606E-02 a       952     1     8     2     2
 -1.7252708833952038E-01 a       953     1     8     2     3
 -1.2061050953477209E-02 a       954     1     8     2     4
  1.6057328644651755E-01 a       955     1     8     2     5
 -1.0899258126336849E-02 a       956     1     8     2     6
 -1.9889704214869355E-01 a       957     1     8     2     7
  4.3904768934852945E-01 a       958     1     8     2     8
 -1.0556898538109122E-01 a       959     1     8     2     9
 -2.4598901629869599E-01 a       960     1     8     2    10
  4.2212556015807576E-02 a       961     1     8     2    11
 -5.0430509093124598E-01 a       962     1     8     2    12
  6.6649653407918052E-01 a       963     1     8     2    13
 -1.8470054997125365E-01 a       964     1     8     2    14
  2.0222952752032702E-01 a       965     1     8     2    15
  3.7886068291792273E-02 a       966     1     8     2    16
 -1.8775407084058604E-01 a       967     1     8     2    17
 -4.0150324883238603E-01 a       968     1     8     2    18
  2.8508395901891740E-03 a       969     1     8     2    19
  2.3736523274599747E-01 a       970     1     8     2    20
 -6.1252830099807969E-02 a       971     1     8     2    21
  3.0136148865699824E-01 a       972     1     8     2    22
  5.0707997493450285E-01 a       973     1     8     2    23
  9.3359589462676029E-02 a       974     1     8     2    24
 -5.3963374330984734E-02 a       975     1     8     2    25
  5.5490658717579477E-01 a       976     1     9     2     1
  1.8804918030508991E-01 a       977     1     9     2     2
  9.0644391177674463E-02 a       978     1     9     2     3
  4.1939385664963641E-01 a       979     1     9     2     4
 -7.5769652082317007E-02 a       980     1     9     2     5
 -3.0449627369994170E-01 a       981     1     9     2     6
 -5.1147000849733393E-02 a       982     1     9     2     7
  2.5352118788609046E-01 a       983     1     9     2     8
 -3.7710435855629415E-02 a       984     1     9     2     9
  5.9757514459155923E-03 a       985     1     9     2    10
  2.3957064021643337E-01 a       986     1     9     2    11
 -2.8611099432828202E-01 a       987     1     9     2    12
 -1.6441919336628194E-01 a       988     1     9     2    13
 -9.9984815206290753E-02 a       989     1     9     2    14
  3.4680493792227163E-01 a       990     1     9     2    15
  1.8939254513766896E-01 a       991     1     9     2    16
 -5.1774229542952765E-01 a       992     1     9     2    17
  3.0182128590000640E-01 a       993     1     9     2    18
  4.5315505865224738E-02 a       994     1     9     2    19
 -2.6069794443443350E-01 a       995     1     9     2    20
 -3.7439004092267048E-01 a       996     1     9     2    21
  8.2161697851909868E-02 a       997     1     9     2    22
 -9.1553322749568400E-02 a       998     1     9     2    23
  3.1945679009255912E-01 a       999     1     9     2    24
 -8.3240211551475196E-01 a      1000     1     9     2    25
  6.9793642233263120E-01 a      1001     1    10     2     1
  1.1910576104487959E-01 a      1002     1    10     2     2
 -3.9116121265482834E-01 a      1003     1    10     2     3
  6.2883114213411820E-02 a      1004     1    10     2     4
  3.8358198744947786E-01 a      1005     1    10     2     5
  1.2464675001680821E-01 a      1006     1    10     2     6
 -1.5332478458805104E-01 a      1007     1    10     2     7
  9.7165034099310401E-03 a      1008     1    10     2     8
 -3.4348640722548479E-01 a      1009     1    10     2     9
 -1.8396201830528336E-01 a      1010     1    10     2    10
 -4.3888669646321260E-01 a      1011     1    10     2    11
 -6.5114882737854929E-02 a      1012     1    10     2    12
  3.7736878562503806E-01 a      1013     1    10     2    13
 -1.7004046068654716E-01 a      1014     1    10     2    14
 -1.8580394938014552E-02 a      1015     1    10     2    15
 -5.4068569256084298E-01 a      1016     1    10     2    16
 -3.8444355313231915E-01 a      1017     1    10     2    17
 -6.0757568894885261E-01 a      1018     1    10     2    18
 -4.8871136146721339E-01 a      1019     1    10     2    19
 -6.7883426672595282E-01 a      1020     1    10     2    20
 -3.5205239779287989E-01 a      1021     1    10     2    21
 -1.6294334260425689E-01 a      1022     1    10     2    22
  9.1816429815331757E-01 a      1023     1    10     2    23
  6.2518138286406755E-01 a      1024     1    10     2    24
 -4.4922387004785869E-01 a      1025     1    10     2    25
 -3.2320268816548658E-01 a      1026     1    11     2     1
 -4.6494390493211918E-01 a      1027     1    11     2     2
 -8.0089752734462755E-02 a      1028     1    11     2     3
 -3.2430236391948775E-01 a      1029     1    11     2     4
 -4.8789454608003657E-01 a      1030     1    11     2     5
 -1.3527662588924722E-01 a      1031     1    11     2     6
  3.3100798912757529E-01 a      1032     1    11     2     7
 -3.0100660006416902E-01 a      1033     1    11     2     8
  3.3450343518129194E-01 a      1034     1    11     2     9
 -2.7375319629503070E-01 a      1035     1    11     2    10
 -4.6069795545164988E-01 a      1036     1    11     2    11
  1.0959296619289158E-01 a      1037     1    11     2    12
 -1.2222673942114375E+00 a      1038     1    11     2    13
  5.9786761695740709E-01 a      1039     1    11     2    14
 -1.0560859103692579E-02 a      1040     1    11     2    15
 -3.3180742550101316E-01 a      1041     1    11     2    16
  6.6830422813380486E-01 a      1042     1    11     2    17
  2.8948491454235803E-01 a      1043     1    11     2    18
  3.0606575923441026E-01 a      1044     1    11     2    19
 -6.3799154863304042E-01 a      1045     1    11     2    20
  3.8090040327081048E-01 a      1046     1    11     2    21
 -1.4246122912853731E-01 a      1047     1    11     2    22
  1.2793477426804730E-02 a      1048     1    11     2    23
 -3.2123402818602187E-01 a      1049     1    11     2    24
  2.8675950489590252E-01 a      1050     1    11     2    25
 -5.8077965708477217E-02 a      1051     1    12     2     1
 -4.7558533094442290E-01 a      1052     1    12     2     2
 -3.8237354668041085E-01 a      1053     1    12     2     3
  2.4752462116904653E-01 a      1054     1    12     2     4
 -2.4692508047952977E-01 a      1055     1    12     2     5
  6.1203145442301501E-02 a      1056     1    12     2     6
  1.7542569707289923E-01 a      1057     1    12     2     7
 -5.8965200221073732E-01 a      1058     1    12     2     8
  2.9907611145937918E-01 a      1059     1    12     2     9
 -6.1355428337208007E-01 a      1060     1    12     2    10
  4.4606382729265998E-01 a      1061     1    12     2    11
  2.7159132457672341E-01 a      1062     1    12     2    12
 -4.9547550257701939E-01 a      1063     1    12     2    13
  4.8740300264356662E-02 a      1064     1    12     2    14
  3.7366746564963260E-01 a      1065     1    12     2    15
  7.6775078434528882E-02 a      1066     1    12     2    16
 -1.4656020237094441E-01 a      1067     1    12     2    17
 -2.1373568030182877E-03 a      1068     1    12     2    18
  1.4038668368526752E-01 a      1069     1    12     2    19
 -1.4354653796165520E+00 a      1070     1    12     2    20
 -3.1253424782796496E-01 a      1071     1    12     2    21
  4.2320269538034971E-01 a      1072     1    12     2    22
 -5.3568969983407966E-01 a      1073     1    12     2    23
  1.4778458828703861E-01 a      1074     1    12     2    24
 -6.5779302311772581E-01 a      1075     1    12     2    25
 -1.0238266427592124E-03 a      1076     1    13     2     1
 -5.2719836447236279E-01 a      1077     1    13     2     2
 -3.4061933549038059E-01 a      1078     1    13     2     3
  3.9699565424290001E-01 a      1079     1    13     2     4
 -3.3546607758212532E-01 a      1080     1    13     2     5
 -1.7297169554182054E-01 a      1081     1    13     2     6
 -2.9298484674900949E-01 a      1082     1    13     2     7
  3.1501758538532115E-01 a      1083     1    13     2     8
  3.4223993610457570E-01 a      1084     1    13     2     9
 -6.5876063033370333E-02 a      1085     1    13     2    10
  6.3358104323360398E-01 a      1086     1    13     2    11
 -6.0137103394799815E-02 a      1087     1    13     2    12
 -3.9566754560130862E-01 a      1088     1    13     2    13
  3.1435884121942181E-01 a      1089     1    13     2    14
  3.6405531537109659E-01 a      1090     1    13     2    15
  1.0055022294406192E-01 a      1091     1    13     2    16
 -6.1187983307795957E-01 a      1092     1    13     2    17
  2.5831614098835559E-01 a      1093     1    13     2    18
 -2.5590006811949867E-01 a      1094     1    13     2    19
 -1.6424147955924503E-01 a      1095     1    13     2    20
 -4.6918605529994289E-01 a      1096     1    13     2    21
  6.4124683781116676E-01 a      1097     1    13     2    22
 -5.7506639647014146E-01 a      1098     1    13     2    23
  3.9070621865878126E-02 a      1099     1    13     2    24
 -7.0710503058370422E-01 a      1100     1    13     2    25
  1.8223936335854149E-01 a      1101     1    14     2     1
  5.8888991268201551E-01 a      1102     1    14     2     2
 -2.2416357490116542E-01 a      1103     1    14     2     3
  4.3354544152163477E-01 a      1104     1    14     2     4
  1.0013356330213179E+00 a      1105     1    14     2     5
 -2.9307079439923039E-01 a      1106     1    14     2     6
  3.0771593314061485E-01 a      1107     1    14     2     7
  2.0443871931368027E-01 a      1108     1    14     2     8
 -1.2893917667795748E-01 a      1109     1    14     2     9
  1.4015243166125446E-01 a      1110     1    14     2    10
 -8.4312735972374153E-01 a      1111     1    14     2    11
  7.4173461577043420E-01 a      1112     1    14     2    12
  2.2121998705199872E-01 a      1113     1    14     2    13
  1.7684880800825881E-01 a      1114     1    14     2    14
 -7.9360798729024823E-02 a      1115     1    14     2    15
 -1.5302755502477118E-02 a      1116     1    14     2    16
  7.4085122729014352E-01 a      1117     1    14     2    17
  2.5009360490045707E-01 a      1118     1    14     2    18
  1.1031988340693801E+00 a      1119     1    14     2    19
  6.5407380951467156E-02 a      1120     1    14     2    20
  2.2333274240530263E-01 a      1121     1    14     2    21
  5.6995126947726915E-01 a      1122     1    14     2    22
 -3.4977056003586263E-02 a      1123     1    14     2    23
  5.3874570278832212E-01 a      1124     1    14     2    24
  2.0602637760040335E-01 a      1125     1    14     2    25
  3.0468257378663044E-01 a      1126     1    15     2     1
 -1.4310741289084852E-01 a      1127     1    15     2     2
 -1.1850573483731842E-01 a      1128     1    15     2     3
  1.6566070836916746E-01 a      1129     1    15     2     4
  1.1226058003087835E-01 a      1130     1    15     2     5
 -1.9188034702458967E-01 a      1131     1    15     2     6
 -3.4330206918335798E-01 a      1132     1    15     2     7
  1.5523972399766148E-01 a      1133     1    15     2     8
 -1.5708438181045109E-01 a      1134     1    15     2     9
  4.9049454332428806E-02 a      1135     1    15     2    10
 -1.0177169855047975E-01 a      1136     1    15     2    11
 -4.3924751816360619E-01 a      1137     1    15     2    12
 -5.1171017599850877E-01 a      1138     1    15     2    13
 -5.1837115992381799E-01 a      1139     1    15     2    14
  6.7936992733974610E-01 a      1140     1    15     2    15
 -5.4718196333472513E-01 a      1141     1    15     2    16
  1.5375495987593044E-01 a      1142     1    15     2    17
 -5.7620637486623751E-02 a      1143     1    15     2    18
 -2.6648397015890340E-01 a      1144     1    15     2    19
  4.9242297415162312E-01 a      1145     1    15     2    20
  4.3394573683930938E-02 a      1146     1    15     2    21
  2.7466704971054451E-01 a      1147     1    15     2    22
  4.3978360539895334E-01 a      1148     1    15     2    23
 -5.8842584559852196E-01 a      1149     1    15     2    24
 -2.4423118700602520E-01 a      1150     1    15     2    25
  2.1439531347930976E-01 a      1151     1    16     2     1
  1.8649523478129912E-01 a      1152     1    16     2     2
  5.5227117193420321E-02 a      1153     1    16     2     3
 -7.7011998899282202E-02 a      1154     1    16     2     4
  3.7061451918962268E-01 a      1155     1    16     2     5
 -5.3469008209142459E-02 a      1156     1    16     2     6
  9.1802710313188984E-02 a      1157     1    16     2     7
 -3.7280955224971940E-01 a      1158     1    16     2     8
  4.3757152535684173E-04 a      1159     1    16     2     9
 -1.9042806896142173E-01 a      1160     1    16     2    10
 -2.2591971989850093E-01 a      1161     1    16     2    11
  1.2244153805654173E-01 a      1162     1    16     2    12
 -6.8048648064833051E-01 a      1163     1    16     2    13
  3.7750669510571427E-01 a      1164     1    16     2    14
 -1.0358168862081293E-02 a      1165     1    16     2    15
 -7.2529998608983770E-01 a      1166     1    16     2    16
  9.3829988773534578E-01 a      1167     1    16     2    17
 -1.1834046742185180E-02 a      1168     1    16     2    18
 -3.0067674682484724E-01 a      1169     1    16     2    19
  1.4749649223224709E-01 a      1170     1    16     2    20
  1.5180695993371993E-01 a      1171     1    16     2    21
  8.6982071806211941E-04 a      1172     1    16     2    22
 -1.3753360639569470E-01 a      1173     1    16     2    23
 -2.9400379977283175E-01 a      1174     1    16     2    24
  4.7326876383267769E-01 a      1175     1    16     2    25
 -2.2769720407028335E-01 a      1176     1    17     2     1
 -5.3830474855000665E-01 a      1177     1    17     2     2
 -2.6391416820792685E-01 a      1178     1    17     2     3
  3.7121827942040497E-01 a      1179     1    17     2     4
 -2.4601363172084476E-01 a      1180     1    17     2     5
  3.1070896659564903E-02 a      1181     1    17     2     6
 -5.9484556307649603E-03 a      1182     1    17     2     7
 -4.5793257982778446E-01 a      1183     1    17     2     8
  1.6685682904934840E-01 a      1184     1    17     2     9
  6.9203501609461449E-01 a      1185     1    17     2    10
  3.4925718122644633E-01 a      1186     1    17     2    11
  1.9003066646429820E-01 a      1187     1    17     2    12
 -7.5997108884395792E-01 a      1188     1    17     2    13
 -2.9194556797473564E-01 a      1189     1    17     2    14
  3.1146115104758387E-01 a      1190     1    17     2    15
  2.8503276843364544E-01 a      1191     1    17     2    16
 -4.5401283077495930E-01 a      1192     1    17     2    17
  5.4530214530585386E-01 a      1193     1    17     2    18
  8.4671448975344221E-01 a      1194     1    17     2    19
  7.3325773371965330E-01 a      1195     1    17     2    20
  3.2099113169098814E-01 a      1196     1    17     2    21
  4.1050246789011768E-01 a      1197     1    17     2    22
 -2.9855698586327556E-01 a      1198     1    17     2    23
  1.9518134127883288E-01 a      1199     1    17     2    24
  3.3084128000105306E-01 a      1200     1    17     2    25
 -1.4357427721937646E-01 a      1201     1    18     2     1
 -1.2628361482939779E-01 a      1202     1    18     2     2
 -1.8062434197236985E-01 a      1203     1    18     2     3
 -1.3779128508551650E-01 a      1204     1    18     2     4
  2.8779163736223518E-01 a      1205     1    18     2     5
  1.2602815534921274E-01 a      1206     1    18     2     6
 -1.0064061607106305E-01 a      1207     1    18     2     7
  3.6333894571827829E-01 a      1208     1    18     2     8
 -3.4653999087760214E-02 a      1209     1    18     2     9
 -4.5106325625412524E-01 a      1210     1    18     2    10
 -2.5582058760259635E-01 a      1211     1    18     2    11
 -3.7339543530012148E-01 a      1212     1    18     2    12
  1.3699282147065701E+00 a      1213     1    18     2    13
 -1.1321050106585574E-01 a      1214     1    18     2    14
 -3.1042337808460735E-01 a      1215     1    18     2    15
 -1.4162077283363467E-01 a      1216     1    18     2    16
 -4.6260888320412719E-01 a      1217     1    18     2    17
 -5.1982211049227220E-02 a      1218     1    18     2    18
  7.9250270262359634E-01 a      1219     1    18     2    19
  6.9934500591684753E-02 a      1220     1    18     2    20
 -5.1046561070851263E-03 a      1221     1    18     2    21
  4.2881586238147945E-01 a      1222     1    18     2    22
  2.4411374855462195E-01 a      1223     1    18     2    23
  1.3791655566370905E-02 a      1224     1    18     2    24
  7.1949260160911702E-02 a      1225     1    18     2    25
  1.5102792505814212E-02 a      1226     1    19     2     1
  1.2233544299392880E+00 a      1227     1    19     2     2
  5.3852499447214286E-01 a      1228     1    19     2     3
 -3.6283524145710411E-01 a      1229     1    19     2     4
 -1.3853189379215247E-01 a      1230     1    19     2     5
  8.6262951107943264E-01 a      1231     1    19     2     6
 -4.8256648854316880E-01 a      1232     1    19     2     7
  2.0193545891220274E-01 a      1233     1    19     2     8
 -5.2866568594983065E-01 a      1234     1    19     2     9
 -1.0055322200145254E+00 a      1235     1    19     2    10
 -4.2332890932092437E-01 a      1236     1    19     2    11
 -1.6512025171641095E-01 a      1237     1    19     2    12
  1.2309304630759548E+00 a      1238     1    19     2    13
 -2.2039985991954919E-01 a      1239     1    19     2    14
 -8.8507999205293550E-02 a      1240     1    19     2    15
 -8.6541153026446527E-01 a      1241     1    19     2    16
 -2.4767707376962597E-01 a      1242     1    19     2    17
 -3.9059920052078129E-01 a      1243     1    19     2    18
 -4.9904857717752238E-01 a      1244     1    19     2    19
 -1.8059866082783113E-01 a      1245     1    19     2    20
 -7.5217696894395891E-01 a      1246     1    19     2    21
  5.4814101586774466E-01 a      1247     1    19     2    22
 -1.9624359818093427E-02 a      1248     1    19     2    23
  1.9173698167184328E-02 a      1249     1    19     2    24
 -2.5263303209787324E-01 a      1250     1    19     2    25
 -3.8692115949327865E-01 a      1251     1    20     2     1
 -3.2168364022096013E-01 a      1252     1    20     2     2
  1.8983535451691541E-01 a      1253     1    20     2     3
  2.6311697674775825E-01 a      1254     1    20     2     4
  1.9453844192072456E-01 a      1255     1    20     2     5
  1.3645869269443442E-01 a      1256     1    20     2     6
 -6.0382218410222999E-01 a      1257     1    20     2     7
 -3.7397153749971983E-02 a      1258     1    20     2     8
  4.3061014122530418E-02 a      1259     1    20     2     9
  3.3294796531432141E-01 a      1260     1    20     2    10
  4.8777955378910159E-01 a      1261     1    20     2    11
 -4.4456542707288926E-01 a      1262     1    20     2    12
 -3.1648495365869433E-01 a      1263     1    20     2    13
  9.1411709574537564E-02 a      1264     1    20     2    14
 -2.7500560076809433E-01 a      1265     1    20     2    15
 -3.7181357873406440E-01 a      1266     1    20     2    16
 -3.4685851720388056E-01 a      1267     1    20     2    17
 -4.4280370400948253E-02 a      1268     1    20     2    18
 -7.3641834267062700E-01 a      1269     1    20     2    19
 -1.7030831751541003E-01 a      1270     1    20     2    20
 -2.3034959623377513E-01 a      1271     1    20     2    21
  1.5853086067617622E-01 a      1272     1    20     2    22
 -8.6823399727331307E-01 a      1273     1    20     2    23
 -1.5741517738227495E-01 a      1274     1    20     2    24
  4.5661389554068760E-02 a      1275     1    20     2    25
 -4.5133684755626619E-01 a      1276     1    21     2     1
 -1.4565273841804685E-01 a      1277     1    21     2     2
  1.3586405318384185E-03 a      1278     1    21     2     3
  6.5343950969607922E-01 a      1279     1    21     2     4
 -2.8765779195721541E-01 a      1280     1    21     2     5
 -1.3860895872001594E-01 a      1281     1    21     2     6
 -3.3625770312541858E-01 a      1282     1    21     2     7
  9.8202676618513618E-02 a      1283     1    21     2     8
 -1.1523478145885700E-01 a      1284     1    21     2     9
  3.3661745454116643E-01 a      1285     1    21     2    10
  2.0580379325102663E-01 a      1286     1    21     2    11
 -9.4337283168130434E-03 a      1287     1    21     2    12
  2.9290991491978485E-01 a      1288     1    21     2    13
 -3.3108858013207587E-01 a      1289     1    21     2    14
  3.2612324078267541E-01 a      1290     1    21     2    15
  5.2126193277088062E-01 a      1291     1    21     2    16
 -7.7341779655617815E-01 a      1292     1    21     2    17
 -7.7947762649289210E-02 a      1293     1    21     2    18
  3.4493271494438556E-03 a      1294     1    21     2    19
 -1.8337611534775822E-01 a      1295     1    21     2    20
 -4.2282605170258009E-01 a      1296     1    21     2    21
  2.2618420709746848E-01 a      1297     1    21     2    22
 -7.4262139483205636E-01 a      1298     1    21     2    23
 -9.7249431981796752E-02 a      1299     1    21     2    24
 -9.1783784370042687E-01 a      1300     1    21     2    25
  1.1739399970593171E-01 a      1301     1    22     2     1
 -2.0874587974661574E-02 a      1302     1    22     2     2
 -2.4733165434351570E-01 a      1303     1    22     2     3
 -4.8485422635135400E-01 a      1304     1    22     2     4
 -1.1061020327335582E+00 a      1305     1    22     2     5
  5.2898118074619124E-02 a      1306     1    22     2     6
  4.3421759209610666E-02 a      1307     1    22     2     7
 -1.4295756018981443E-01 a      1308     1    22     2     8
 -3.5790723463282548E-01 a      1309     1    22     2     9
 -2.4770541106130570E-01 a      1310     1    22     2    10
 -1.7072759518397720E-01 a      1311     1    22     2    11
 -7.2476841896020508E-02 a      1312     1    22     2    12
 -1.6731944498310308E-01 a      1313     1    22     2    13
 -2.2069758853548699E-01 a      1314     1    22     2    14
  2.6488887234937981E-02 a      1315     1    22     2    15
 -3.4731933473271265E-01 a      1316     1    22     2    16
 -1.9304438736714236E-01 a      1317     1    22     2    17
 -1.1868818516198729E-01 a      1318     1    22     2    18
 -3.7200905827829166E-02 a      1319     1    22     2    19
  8.5794603200624694E-02 a      1320     1    22     2    20
  5.1677424379007786E-01 a      1321     1    22     2    21
 -1.0007383918589137E+00 a      1322     1    22     2    22
  7.8992096807158352E-01 a      1323     1    22     2    23
  3.7692438997398298E-02 a      1324     1    22     2    24
  2.3465631440048390E-01 a      1325     1    22     2    25
 -1.7056293489421209E-01 a      1326     1    23     2     1
  1.8764412739104852E-01 a      1327     1    23     2     2
 -6.9969495735048770E-01 a      1328     1    23     2     3
 -3.1204955984955757E-01 a      1329     1    23     2     4
  4.5493452933556133E-01 a      1330     1    23     2     5
 -1.6906409136659445E-01 a      1331     1    23     2     6
 -1.5117450125050490E-02 a      1332     1    23     2     7
  3.1435438524136200E-01 a      1333     1    23     2     8
 -1.3504610425996641E-01 a      1334     1    23     2     9
  3.3898653819538876E-01 a      1335     1    23     2    10
 -6.5160454289664682E-01 a      1336     1    23     2    11
  5.1954716612171464E-02 a      1337     1    23     2    12
  1.1278969571105513E-01 a      1338     1    23     2    13
 -2.8206496070411348E-02 a      1339     1    23     2    14
 -3.4671176494931000E-01 a      1340     1    23     2    15
 -7.9248186882939289E-02 a      1341     1    23     2    16
  1.0583428341622786E-01 a      1342     1    23     2    17
  3.0556018570637666E-01 a      1343     1    23     2    18
 -5.0568637671411232E-01 a      1344     1    23     2    19
 -3.0482061942546956E-03 a      1345     1    23     2    20
  1.9966443307099055E-01 a      1346     1    23     2    21
 -1.1299385189487623E-01 a      1347     1    23     2    22
 -1.1003566884712662E-01 a      1348     1    23     2    23
  6.7088511182507617E-03 a      1349     1    23     2    24
  3.2124414961437436E-01 a      1350     1    23     2    25
 -7.3019278745185567E-01 a      1351     1    24     2     1
 -7.4024561176818549E-02 a      1352     1    24     2     2
 -4.3165915464673804E-01 a      1353     1    24     2     3
  2.7712064903760170E-01 a      1354     1    24     2     4
 -1.5145275534442354E-01 a      1355     1    24     2     5
 -1.7788600649384109E-01 a      1356     1    24     2     6
  1.9382747963198574E-01 a      1357     1    24     2     7
  1.8210305792570985E-01 a      1358     1    24     2     8
  6.2564776496055310E-02 a      1359     1    24     2     9
 -1.3808867721244605E-01 a      1360     1    24     2    10
 -5.7398232945011940E-01 a      1361     1    24     2    11
 -7.9508497843122153E-02 a      1362     1    24     2    12
 -1.3385555383184864E-02 a      1363     1    24     2    13
  1.4408141652109133E-02 a      1364     1    24     2    14
 -2.1472941266688139E-01 a      1365     1    24     2    15
  2.5067997699377365E-01 a      1366     1    24     2    16
  5.0831708982821341E-02 a      1367     1    24     2    17
 -3.6990182547869274E-02 a      1368     1    24     2    18
  2.3133474243599123E-01 a      1369     1    24     2    19
  6.1050169481956751E-01 a      1370     1    24     2    20
  4.1742134603866554E-01 a      1371     1    24     2    21
  2.2211777658295823E-02 a      1372     1    24     2    22
 -6.6188485279761844E-01 a      1373     1    24     2    23
 -1.2412032568722740E-01 a      1374     1    24     2    24
  1.3899125086036081E-02 a      1375     1    24     2    25
  1.0611202039094397E-01 a      1376     1    25     2     1
  1.3541322772511386E-02 a      1377     1    25     2     2
 -4.9426518445340356E-01 a      1378     1    25     2     3
 -5.3857217327315099E-01 a      1379     1    25     2     4
 -2.8565195535258503E-01 a      1380     1    25     2     5
  3.5354751153509700E-01 a      1381     1    25     2     6
  2.0138463242261667E-01 a      1382     1    25     2     7
 -1.7484849685534279E-01 a      1383     1    25     2     8
 -4.1684705715024917E-01 a      1384     1    25     2     9
 -5.7494346711406319E-01 a      1385     1    25     2    10
 -7.0324398978349500E-01 a      1386     1    25     2    11
  5.1102157429467698E-01 a      1387     1    25     2    12
  5.2077526795448269E-02 a      1388     1    25     2    13
 -3.2620260704595638E-01 a      1389     1    25     2    14
 -1.4107917855813432E-02 a      1390     1    25     2    15
  2.9361086324651803E-04 a      1391     1    25     2    16
 -6.3118827363797758E-02 a      1392     1    25     2    17
  3.0797436736248879E-01 a      1393     1    25     2    18
 -1.8166036941119092E-02 a      1394     1    25     2    19
 -5.7404375814392639E-01 a      1395     1    25     2    20
  2.3365491647561649E-02 a      1396     1    25     2    21
 -5.5547026354201434E-01 a      1397     1    25     2    22
  1.5450555204853819E-01 a      1398     1    25     2    23
 -1.8367213156648446E-01 a      1399     1    25     2    24
 -7.0748285854175683E-02 a      1400     1    25     2    25
 -3.9368088829868247E-01 b      1401     2     1
 -2.2157884574319014E-01 b      1402     2     2
  1.6622265889492738E-01 b      1403     2     3
  6.6195141512586575E-01 b      1404     2     4
 -4.6627560127795126E-01 b      1405     2     5
  5.4484874678077566E-01 b      1406     2     6
 -1.0309135448175817E+00 b      1407     2     7
 -3.0517103428200654E-01 b      1408     2     8
 -2.8530928106780312E-01 b      1409     2     9
  5.9430108710117824E-01 b      1410     2    10
  8.4088130949644013E-01 b      1411     2    11
 -2.3318169400902336E-01 b      1412     2    12
  3.9865295752373421E-03 b      1413     2    13
 -3.3522284138032060E-01 b      1414     2    14
  7.5792808724316696E-01 b      1415     2    15
 -1.0512181585309884E-01 b      1416     2    16
  3.5397712995916419E-01 b      1417     2    17
  6.6595823827138423E-01 b      1418     2    18
 -1.5890548809132110E+00 b      1419     2    19
 -9.5161278310901287E-01 b      1420     2    20
 -2.5905095369237729E-01 b      1421     2    21
  4.6941777178457750E-01 b      1422     2    22
 -4.8359018550885979E-01 b      1423     2    23
  2.1274167673578606E-01 b      1424     2    24
 -8.9046646487611036E-01 b      1425     2    25
 -3.4990733421091408E-01 a      1426     2     1     3     1
  5.2719526250754034E-01 a      1427     2     2     3     1
  2.5308039876522503E-01 a      1428     2     3     3     1
 -3.7394487990270397E-01 a      1429     2     4     3     1
 -1.7026850253385162E-01 a      1430     2     5     3     1
 -1.0014232962866119E+00 a      1431     2     6     3     1
  1.2461482220501661E+00 a      1432     2     7     3     1
  1.1514256958409774E+00 a      1433     2     8     3     1
  1.0502742425916785E+00 a      1434     2     9     3     1
  1.5589869169497522E-01 a      1435     2    10     3     1
  1.5375402361105672E-01 a      1436     2    11     3     1
  3.9295214711490428E-01 a      1437     2    12     3     1
 -5.1195118209160428E-01 a      1438     2    13     3     1
 -6.0671426183458321E-01 a      1439     2    14     3     1
 -4.8723568561354141E-01 a      1440     2    15     3     1
 -4.7395322372015902E-01 a      1441     2    16     3     1
 -7.7120097180613811E-01 a      1442     2    17     3     1
 -8.1203605251264488E-01 a      1443     2    18     3     1
  6.0201943201867925E-01 a      1444     2    19     3     1
 -3.3237428576568723E-01 a      1445     2    20     3     1
 -7.7196464128349396E-01 a      1446     2    21     3     1
 -2.2012161384440374E-01 a      1447     2    22     3     1
  2.4113874025355786E-01 a      1448     2    23     3     1
 -3.8501326687330362E-01 a      1449     2    24     3     1
  6.8826673516085235E-01 a      1450     2    25     3     1
 -1.7799361139590703E-01 b      1451     3     1
